{E0_q0: 0.7373232342721592, E0_q1: 0.7488565927986476, E1_q0: -0.6999999999999998,
  E1_q1: -0.8, Y0s_q0: -1.7336949403125823, Y0s_q1: -1.7518641011332952, Y1s_q0: 5.278047655988554e-16,
  Y1s_q1: -6.46239949600411e-16, Z0s_q0: 0.00020358288071055272, Z0s_q1: 0.0001960687923098402,
  Z1s_q0: 0.0, Z1s_q1: 0.0}
