{E0_q0: 0.7455104706435449, E1_q0: -0.6999999999999997, E2_q0: -0.6999999999999998,
  E3_q0: -0.7000000000000001, V00_q0: 1.2621209449130795, Y0s_q0: -1.6632644696813679,
  Y1s_q0: 0.0, Y2s_q0: 0.0, Y3s_q0: 0.0, Z0s_q0: 0.00021559107237481006, Z1s_q0: 0.0,
  Z2s_q0: 0.0, Z3s_q0: 0.0}
