{E0_q0: 0.7323262201277032, E0_q1: 0.7393161560953868, E1_q0: -0.7, E1_q1: -1.1558901500776853,
  Z0s_q0: 0.00020946722019063593, Z0s_q1: 0.00019835783746885292, Z1s_q0: -6.356349831462736e-23,
  Z1s_q1: -5.5093658796372045e-05}
