{E0_q0: 0.738274271758008, E0_q1: 0.7640563927214464, E1_q0: -1.9090876615346848,
  E1_q1: -0.9299151408345175, U00_q0: -4.275010127679314, U00_q1: -3.820723587982483,
  U10_q0: 0.03314386713959943, U10_q1: 0.8996340889287564, U11_q0: 0.03494367297464732,
  U11_q1: 0.06294545599730389, V00_q0: 0.5632249077885242, V00_q1: 0.4706297208907247,
  V10_q0: -0.10421613183337099, V10_q1: -0.11937622528053951, V11_q0: 0.09306142807786126,
  V11_q1: -0.060075898492690155, Y0s_q0: -1.46758228772694, Y0s_q1: -1.4802771869798612,
  Y1s_q0: -1.4881445290767235, Y1s_q1: -1.5018896432936897, Z0s_q0: 0.0002144368195124854,
  Z0s_q1: 0.00019929025104201066, Z1s_q0: 8.736934301161342e-06, Z1s_q1: 3.01484892966857e-06}
