{E0_q0: 0.762581385835817, E0_q1: 0.7874965473111761, E1_q0: -1.8373023598050482,
  E1_q1: -1.2473262256242046, U00_q0: -3.9872912698683645, U00_q1: -3.5895252954348913,
  U10_q0: -0.912053316951511, U10_q1: -0.1418062190777026, U11_q0: 0.018682896769649536,
  U11_q1: 0.0025660045496518676, V00_q0: 0.5603414039458862, V00_q1: 0.4738872559306932,
  V10_q0: 0.2522287884273164, V10_q1: 0.2882930820543516, V11_q0: -0.017883064127068568,
  V11_q1: -0.008618394635010034, Y0s_q0: -1.4970299740918456, Y0s_q1: -1.5049781260855464,
  Y1s_q0: -1.5036878475796027, Y1s_q1: -1.5102456657072652, Z0s_q0: 0.0002295306013368067,
  Z0s_q1: 0.00021321153489726923, Z1s_q0: -4.649254795563095e-06, Z1s_q1: -1.8540742097537523e-06}
