{E0_q0: 0.7237847935705886, E0_q1: 0.7514338978580329, E1_q0: -1.1337667580534032,
  E1_q1: -1.0505688703908638, E2_q0: -2.050261975219394, E2_q1: -1.0298242624445255,
  E3_q0: -1.171607919810881, E3_q1: -1.009610161971149, U00_q0: -4.469644919437587,
  U00_q1: -4.0043463496371805, U10_q0: -1.896785269415557, U10_q1: 0.31422525708553606,
  U11_q0: 0.09223829517674179, U11_q1: 0.05673117770763293, U20_q0: 1.2737788191673356,
  U20_q1: -1.5482124501083798, U21_q0: 0.4202084623435707, U21_q1: 0.034491102803021756,
  U22_q0: 0.09727304150885399, U22_q1: 8.200619955091998e-05, U30_q0: -0.14882433847203566,
  U30_q1: 2.1312237436536345, U31_q0: 0.014126066022826815, U31_q1: -0.0011579552240035546,
  U32_q0: 0.010999703904461778, U32_q1: -5.423557339043008e-05, U33_q0: 7.970803202589229e-05,
  U33_q1: 7.061924290545136e-07, V00_q0: 0.6265588416839619, V00_q1: 0.5019910915528998,
  V10_q0: -0.5677797760285087, V10_q1: 0.0482536676653463, V11_q0: 0.1644676264730135,
  V11_q1: 0.11382803990879514, V20_q0: 0.37303626018233227, V20_q1: -0.08856467368219428,
  V21_q0: 0.3574388196225969, V21_q1: 0.11986494267039811, V22_q0: 0.15859434540201264,
  V22_q1: 0.005306492507725091, V30_q0: -0.12659138356916283, V30_q1: 0.26462813463129226,
  V31_q0: 0.06379588028405689, V31_q1: 0.012380699591127984, V32_q0: 0.050337979772198456,
  V32_q1: -0.0020811832212829966, V33_q0: 0.0048346218820786175, V33_q1: -0.0005490425278233942,
  Y0s_q0: -1.487680730682626, Y0s_q1: -1.5306948940000102, Y1s_q0: 0.9356301197125912,
  Y1s_q1: -0.11446676394572239, Y2s_q0: -1.8434953324776346, Y2s_q1: 0.010068377278860896,
  Y3s_q0: 0.03665479565634085, Y3s_q1: 0.04218183822937537, Z0s_q0: 0.0002061635494577295,
  Z0s_q1: 0.00019194753898117519, Z1s_q0: 6.0558137338559286e-05, Z1s_q1: -9.813920521200058e-05,
  Z2s_q0: 9.483177462616096e-05, Z2s_q1: -1.5047060990179373e-05, Z3s_q0: 4.685639628915626e-05,
  Z3s_q1: 3.5214220182468895e-05}
