{E0_q0: 0.7488110463905839, E0_q1: 0.7601694554198746, E1_q0: -0.7000000000000001,
  E1_q1: -0.8000000000000005, V00_q0: 1.2010812691758985, V00_q1: 1.1057539733180652,
  V10_q0: 0.0, V10_q1: 0.0, V11_q0: 0.0, V11_q1: 0.0, Y0s_q0: -1.621819053980212,
  Y0s_q1: -1.627820713444386, Y1s_q0: -3.1401998397655955e-17, Y1s_q1: 1.7098138907663872e-17,
  Z0s_q0: 0.00020925470982451535, Z0s_q1: 0.0002019854023176297, Z1s_q0: 0.0, Z1s_q1: 0.0}
