{E0_q0: 0.7472888594134857, E0_q1: 0.7726637125705984, E1_q0: -0.49971450813898743,
  E1_q1: -1.7880482206036776, U00_q0: -4.282180132644695, U00_q1: -3.9372495064470314,
  U10_q0: 0.8096823607788943, U10_q1: -0.7326961443424646, U11_q0: 5.451294778016707e-07,
  U11_q1: -1.551526507894869e-05, V00_q0: 0.5243937157038147, V00_q1: 0.437275494583889,
  V10_q0: 0.4224617678631307, V10_q1: 0.40098919252382587, V11_q0: 0.00033200077638264735,
  V11_q1: -0.0021132886946114435, Y0s_q0: -1.4723726185844204, Y0s_q1: -1.4853084215256815,
  Y1s_q0: -1.4959505712227772, Y1s_q1: -1.509065129753679, Z0s_q0: 0.00021820490564459523,
  Z0s_q1: 0.00020269616520906787, Z1s_q0: 6.269897567509798e-07, Z1s_q1: 1.772800415633882e-06}
