{E0_q0: 0.7538159662959565, E0_q1: 0.7789218105061394, E1_q0: 0.5158698061721557,
  E1_q1: -2.9195894699258855, U00_q0: -4.305758498005749, U00_q1: -3.9174438044562443,
  U10_q0: 0.3257340217260109, U10_q1: -0.05078711415333854, U11_q0: 1.270205743125999e-06,
  U11_q1: -0.008546771470386185, V00_q0: 0.576414155852718, V00_q1: 0.47799579464533815,
  V10_q0: -0.005032170367757415, V10_q1: 0.14908034947940355, V11_q0: 9.170284920171627e-05,
  V11_q1: -0.07276303068790507, Y0s_q0: -1.4943887338026132, Y0s_q1: -1.5072903689453048,
  Y1s_q0: -1.3843714435937349, Y1s_q1: -1.5191263985199963, Z0s_q0: 0.00022684085070958702,
  Z0s_q1: 0.00021041986085433968, Z1s_q0: -3.612282189844137e-05, Z1s_q1: 9.21068305543884e-06}
