{E0_q0: 0.7607575646309995, E0_q1: 0.7719404618521997, E1_q0: -0.7000000000000001,
  E1_q1: -0.7999999999999998, V00_q0: 1.1167013724575794, V00_q1: 1.0381927829287574,
  V10_q0: 0.0, V10_q1: 0.0, V11_q0: 0.0, V11_q1: 0.0, Y0s_q0: -1.7018603848622584,
  Y0s_q1: -1.7037951383630365, Y1s_q0: -2.34372157005643e-16, Y1s_q1: 0.0, Z0s_q0: 0.0002145906044686466,
  Z0s_q1: 0.0002069070864842615, Z1s_q0: 0.0, Z1s_q1: 0.0}
