{E0_q0: 0.749524531194648, E0_q1: 0.7741928759085647, U00_q0: -4.337906779639607,
  U00_q1: -3.9047755679508658, V00_q0: 0.5861820569807077, V00_q1: 0.4901894525148883,
  Y0s_q0: -1.4601800557376445, Y0s_q1: -1.4691675191253182, Z0s_q0: 0.00022725551326186104,
  Z0s_q1: 0.0002108617594784858}
