{E0_q0: 0.7361873846949679, E0_q1: 0.7477471294655301, E1_q0: -1.0002527909642274,
  E1_q1: -1.0097571604825477, Y0s_q0: -1.582770716838927, Y0s_q1: -1.592900031140727,
  Y1s_q0: -1.4421764109552428, Y1s_q1: -1.3748222355959239, Z0s_q0: 0.00020659287970213787,
  Z0s_q1: 0.00019950165153982308, Z1s_q0: -7.919979131628051e-05, Z1s_q1: -7.701453345493072e-05}
