{E0_q0: 0.742673705586136, E0_q1: 0.754114159249115, E1_q0: -1.0059216034420138, E1_q1: -2.4991976996429996,
  U00_q0: -4.639696373546853, U00_q1: -4.371142159166479, U10_q0: 0.31992877841841916,
  U10_q1: -2.4290760055539375, U11_q0: 0.003031609919903565, U11_q1: 0.002953735093095983,
  V00_q0: 0.5670846629981109, V00_q1: 0.5201433317287634, V10_q0: -0.19129968671014339,
  V10_q1: -0.08364356437795842, V11_q0: -0.0002889549829849104, V11_q1: -0.00012325256506473843,
  Y0s_q0: -1.573171585251397, Y0s_q1: -1.5815946937734482, Y1s_q0: -1.4977486183312156,
  Y1s_q1: -1.5161642752633469, Z0s_q0: 0.00021208074368352634, Z0s_q1: 0.0002048423707133152,
  Z1s_q0: -9.94652796002229e-08, Z1s_q1: -2.0113723717554905e-06}
