{E0_q0: 0.7325313410501924, E0_q1: 0.7572039823040393, E1_q0: -0.6982242778082615,
  E1_q1: -1.4743722172353777, E2_q0: -0.7373693196264036, E2_q1: -0.8000367037039384,
  E3_q0: -0.7000000000015537, E3_q1: -0.7999999999999825, U00_q0: -4.538839693337454,
  U00_q1: -4.186173761780963, U10_q0: 1.8522798089145565, U10_q1: 0.09600894010533226,
  U11_q0: -2.4144769295763107e-05, U11_q1: -0.004773846750747618, U20_q0: -0.2628849550510153,
  U20_q1: 0.06462448547853664, U21_q0: -1.1939430379659603e-05, U21_q1: -4.688861178929066e-05,
  U22_q0: -8.573621738830567e-10, U22_q1: -6.058394570219756e-10, U30_q0: 5.044989798644031e-17,
  U30_q1: 1.5195873156761297e-32, U31_q0: -1.9914125689087885e-15, U31_q1: -9.036178209322695e-34,
  U32_q0: 3.749498102690601e-15, U32_q1: 2.739156464776905e-37, U33_q0: -1.4585934879846624e-15,
  U33_q1: -1.5210843414454598e-53, V00_q0: 0.5734442399288421, V00_q1: 0.46957298723947466,
  V10_q0: 0.16162971485865943, V10_q1: 0.16286506168717269, V11_q0: -0.005968170794258686,
  V11_q1: 0.010165383902333576, V20_q0: -0.08780479863161249, V20_q1: -0.023223076167003386,
  V21_q0: -0.001326011231609087, V21_q1: 0.00044854072791523935, V22_q0: -3.532281695625979e-05,
  V22_q1: 4.648773542077261e-06, V30_q0: 1.2399801273403532e-16, V30_q1: -1.817970796052205e-17,
  V31_q0: -8.693360012197835e-17, V31_q1: -1.2390275023468082e-16, V32_q0: 1.1902908209656004e-18,
  V32_q1: -1.9327667108055956e-17, V33_q0: 7.307017906297732e-17, V33_q1: -8.507329421644345e-17,
  Y0s_q0: -1.4375128194511764, Y0s_q1: -1.4482601382474392, Y1s_q0: -1.7609229772462514,
  Y1s_q1: -1.3218324519303735, Y2s_q0: -1.4821768268241151, Y2s_q1: -1.500282958935892,
  Y3s_q0: -1.5000000000000002, Y3s_q1: -1.5000000000000007, Z0s_q0: 0.00021372505895899953,
  Z0s_q1: 0.00019761948345129105, Z1s_q0: 1.9763630744720156e-05, Z1s_q1: 2.46446311780452e-05,
  Z2s_q0: 8.930111851439432e-06, Z2s_q1: 4.7403714946055596e-07, Z3s_q0: -6.9026723394527e-21,
  Z3s_q1: 1.9983144851324547e-20}
