{E0_q0: 0.732791892049573, E0_q1: 0.758906742379146, E1_q0: -0.8622532708594907, E1_q1: -0.28889046363162063,
  E2_q0: -1.6870735391301381, E2_q1: -0.8906480287522233, U00_q0: -4.317658807455491,
  U00_q1: -3.876275730081832, U10_q0: -1.7258510769279232, U10_q1: 2.0779914354850253,
  U11_q0: 0.010254598346521265, U11_q1: -0.014061523988001126, U20_q0: 3.4233736929181235,
  U20_q1: -2.6149749050779123, U21_q0: 0.02047849931373755, U21_q1: -0.005274910322809355,
  U22_q0: 0.002121079804486274, U22_q1: -2.0698527455841107e-05, V00_q0: 0.5644061828720648,
  V00_q1: 0.4714372647783671, V10_q0: -0.1032569282328617, V10_q1: -0.10658716849944722,
  V11_q0: 0.09733844178976207, V11_q1: 0.04106946532803734, V20_q0: -0.19131989163523402,
  V20_q1: -0.20336974835813754, V21_q0: -0.12918329473570567, V21_q1: -0.030617385497476966,
  V22_q0: 0.044298334117381356, V22_q1: 0.0011900004070007528, Y0s_q0: -1.4621222952510342,
  Y0s_q1: -1.469931744175821, Y1s_q0: 0.1630071981818692, Y1s_q1: -0.0033429030126728497,
  Y2s_q0: -0.3918450134993527, Y2s_q1: -0.00020874440936217718, Z0s_q0: 0.00021312335826540322,
  Z0s_q1: 0.00019819875457760742, Z1s_q0: 2.4115845232269184e-05, Z1s_q1: -5.371656835469285e-05,
  Z2s_q0: -3.070744905598915e-05, Z2s_q1: 1.266160202618689e-05}
