{E0_q0: 0.7454181587717628, E0_q1: 0.7568233775182521, E1_q0: -0.9584809988372323,
  E1_q1: -1.3859258133988124, U00_q0: -4.446984413745449, U00_q1: -4.146461376888606,
  U10_q0: 0.7617127454616901, U10_q1: -1.7957345234104023, U11_q0: 9.419219962293142e-08,
  U11_q1: -1.932334168270112e-06, V00_q0: 0.549967220718637, V00_q1: 0.5067127729766012,
  V10_q0: 0.4684054216208296, V10_q1: 0.21094792435867835, V11_q0: -0.0005148231492107713,
  V11_q1: 0.0013326086718198336, Y0s_q0: -1.5580064516978036, Y0s_q1: -1.5650923277256028,
  Y1s_q0: -1.4912051996709896, Y1s_q1: -1.517378111465986, Z0s_q0: 0.00021156244291217397,
  Z0s_q1: 0.00020441793998592363, Z1s_q0: 1.3433378028753302e-07, Z1s_q1: 5.301874821610709e-07}
