{E0_q0: 0.7452966924220533, E0_q1: 0.7707427774299254, E1_q0: -0.7471623038469613,
  E1_q1: -3.347496869722519, U00_q0: -4.266011910043291, U00_q1: -3.7869772304105815,
  U10_q0: 0.12448651246961756, U10_q1: 0.4881748701181781, U11_q0: 3.535629809775976e-11,
  U11_q1: -0.0001279413311408853, V00_q0: 1.0202147779013853, V00_q1: 0.8438905670510293,
  V10_q0: -0.6091099768043988, V10_q1: 0.4467494392582681, V11_q0: -1.0931707122032325e-05,
  V11_q1: -0.015334007274491954, Y0s_q0: -1.508407982608081, Y0s_q1: -1.5217781463072557,
  Y1s_q0: 0.02201475669408286, Y1s_q1: 0.040375567543505894, Z0s_q0: 0.00021484724812513123,
  Z0s_q1: 0.00019918197010949018, Z1s_q0: -7.639273405615526e-08, Z1s_q1: 7.543364927666152e-06}
