{E0_q0: 0.7330039618136599, E0_q1: 0.759558390711842, E1_q0: -2.0114312809110437,
  E1_q1: -2.02059522282044, U00_q0: -4.317819796595428, U00_q1: -4.875533516283603,
  U10_q0: 0.04921509664413032, U10_q1: 0.5553139962777446, U11_q0: -2.368897039456716,
  U11_q1: 5.3225997826953755, V00_q0: 0.9859743378202653, V00_q1: 0.8078721409516443,
  V10_q0: 0.0012284551084321006, V10_q1: 0.005672367695682406, V11_q0: 1.097222432738862,
  V11_q1: -1.2034456060200296, Y0s_q0: -1.7958919318269644, Y0s_q1: -1.8267456940165578,
  Y1s_q0: -0.24104457040891453, Y1s_q1: -0.2873054860269689, Z0s_q0: 0.0001918784461936226,
  Z0s_q1: 0.000177059104684225, Z1s_q0: 0.00011182774729550395, Z1s_q1: -0.00010727033245732535}
