{E0_q0: 0.7303940437909113, E0_q1: 0.7570073309275626, E1_q0: -1.420430186465824,
  E1_q1: -2.17318192838685, E2_q0: -1.4313615783506457, E2_q1: -1.1540570365823513,
  U00_q0: -4.061259483805023, U00_q1: -3.431038100767734, U10_q0: 4.986383153401096,
  U10_q1: -3.316351398199879, U11_q0: -0.06589206215664692, U11_q1: 1.1855799803576754,
  U20_q0: -0.6096164298717298, U20_q1: 1.4292727003097077, U21_q0: -2.690592233862625,
  U21_q1: -0.6448261640029664, U22_q0: -0.025124610527429533, U22_q1: -0.05920888585154579,
  V00_q0: 1.1048334581289045, V00_q1: 0.9387881114336106, V10_q0: 0.08066415885128667,
  V10_q1: 0.07669779832173242, V11_q0: 0.31380303154146416, V11_q1: -0.8196865303126546,
  V20_q0: -0.002583577703257252, V20_q1: -0.008507018278903837, V21_q0: -0.6575289506311783,
  V21_q1: 0.07465286173571051, V22_q0: 0.20689566991622374, V22_q1: -0.2613324487710839,
  Y0s_q0: -1.5537572882268456, Y0s_q1: -1.5733467139872912, Y1s_q0: -0.7210757402282655,
  Y1s_q1: 0.09632103858816643, Y2s_q0: -1.6314479201141512, Y2s_q1: -1.444494349194556,
  Z0s_q0: 0.00019969671036919293, Z0s_q1: 0.00018544956647684147, Z1s_q0: 6.285442420985014e-05,
  Z1s_q1: 2.6231149323570178e-05, Z2s_q0: 0.00013385179841727762, Z2s_q1: -0.00013382881632289115}
