{E0_q0: 0.7388368806060791, E1_q0: -0.7000000000000001, E2_q0: -0.7000000000000003,
  E3_q0: -0.6999999999999997, V00_q0: 1.2579875895790142, Y0s_q0: -1.6328160137862922,
  Y1s_q0: 0.0, Y2s_q0: 0.0, Y3s_q0: 0.0, Z0s_q0: 0.00021314099771462905, Z1s_q0: 0.0,
  Z2s_q0: 0.0, Z3s_q0: 0.0}
