{E0_q0: 0.7367047128604799, E0_q1: 0.7628945263357625, E1_q0: -2.1473648611587492,
  E1_q1: -1.7998321500419179, U00_q0: -4.348830974605548, U00_q1: -3.8528635098779755,
  U10_q0: 0.004603680019448888, U10_q1: 0.24225413047269978, U11_q0: -0.08104316861062597,
  U11_q1: 0.05769533763250331, V00_q0: 0.5618845270515145, V00_q1: 0.46980522469942215,
  V10_q0: 0.008140465853813362, V10_q1: -0.0032835912180135328, V11_q0: -0.11322280522059902,
  V11_q1: 0.05975324975275708, Y0s_q0: -1.4722351816961605, Y0s_q1: -1.4852308402532262,
  Y1s_q0: -1.5212655169175495, Y1s_q1: -1.4807787957132381, Z0s_q0: 0.00021321148599490327,
  Z0s_q1: 0.0001988330059870884, Z1s_q0: 3.0140801751818713e-05, Z1s_q1: -2.1196872240625056e-05}
