{E0_q0: 0.7383511884991384, E0_q1: 0.7498661508249459, E1_q0: -0.4881813342463256,
  E1_q1: -0.4971770033025614, Y0s_q0: -1.5897335642128825, Y0s_q1: -1.5956511319601598,
  Y1s_q0: -1.4701821527438323, Y1s_q1: -1.6413277670198687, Z0s_q0: 0.00020989193224651843,
  Z0s_q1: 0.00020266717617132104, Z1s_q0: 0.00011877945626128557, Z1s_q1: 0.00011532158133753676}
