{E0_q0: 0.7498335766985177, E0_q1: 0.7745739580734855, U00_q0: -4.334658940671063,
  U00_q1: -3.900049985056033, V00_q0: 0.584540541810153, V00_q1: 0.4889024023344136,
  Y0s_q0: -1.4693177462245142, Y0s_q1: -1.4782500676476058, Z0s_q0: 0.0002273637161292247,
  Z0s_q1: 0.0002109663476694033}
