{E0_q0: 0.731994486687676, E0_q1: 0.7579035493018984, E1_q0: -0.7000000000000001,
  E1_q1: -0.7999999999999998, E2_q0: -0.7, E2_q1: -0.8, Y0s_q0: -1.4460365952651488,
  Y0s_q1: -1.4563744423641694, Y1s_q0: 0.0, Y1s_q1: 0.0, Y2s_q0: 0.0, Y2s_q1: 0.0,
  Z0s_q0: 0.00021404482001393936, Z0s_q1: 0.00019892296527044228, Z1s_q0: 0.0, Z1s_q1: 0.0,
  Z2s_q0: 0.0, Z2s_q1: 0.0}
