{E0_q0: 1.0132695450758715, E0_q1: 1.0293433187504388, E1_q0: -0.8059755896686058,
  E1_q1: -6.934879133368865, U00_q0: -14.049230034004378, U00_q1: -16.485252372417147,
  U10_q0: 0.588508539127705, U10_q1: -0.8106941346827653, U11_q0: -0.06537611347197107,
  U11_q1: 2.4098140310005736, V00_q0: 1.1420286562149835, V00_q1: 0.8928349318183115,
  V10_q0: -0.2988331962298355, V10_q1: 0.15952413646842106, V11_q0: 0.411700089997323,
  V11_q1: 1.7526990425793854, Y0s_q0: -3.5553685007975524, Y0s_q1: -4.860031664634995,
  Y1s_q0: -1.7072296268140856, Y1s_q1: -1.4846245849989061, Z0s_q0: -1.0409116679864763e-05,
  Z0s_q1: -9.81831942742189e-06, Z1s_q0: -5.7303083875646635e-06, Z1s_q1: 2.382461079196915e-06}
