{E0_q0: 0.7421976199103331, E0_q1: 0.7678697356453612, E1_q0: -1.9680734721256572,
  E1_q1: -1.2154223545387892, U00_q0: -4.175792429877856, U00_q1: -3.784437224718567,
  U10_q0: -0.6853171426772637, U10_q1: 1.5611308279361142, U11_q0: 0.04743901954341225,
  U11_q1: 0.0018726055038995263, V00_q0: 0.554437685750394, V00_q1: 0.4643982047453978,
  V10_q0: 0.1017209050049908, V10_q1: 0.11713626513472006, V11_q0: -0.146259708519549,
  V11_q1: 0.05542742389408183, Y0s_q0: -1.4868166717055582, Y0s_q1: -1.4967223402617962,
  Y1s_q0: -1.5107177929714983, Y1s_q1: -1.502556015651656, Z0s_q0: 0.0002169601040980992,
  Z0s_q1: 0.00020156788071641689, Z1s_q0: -1.0121338330316366e-05, Z1s_q1: -3.7508780776269454e-06}
