{E0_q0: 0.6896586955442404, E0_q1: 0.7179564908296081, E1_q0: -1.7943450576994115,
  E1_q1: -1.8201788742076819, E2_q0: -4.911263331691156, E2_q1: -5.072730841004636,
  U00_q0: -6.368034986577105, U00_q1: -5.94282916360786, U10_q0: 3.7918261055742377,
  U10_q1: -1.6874013903368665, U11_q0: -4.562440315114583, U11_q1: 0.14413229663036875,
  U20_q0: -5.6334056810144615, U20_q1: 6.954605770391392, U21_q0: 0.4062427493500318,
  U21_q1: -2.4457705222541555, U22_q0: 0.08966277425361698, U22_q1: -0.07891344377175373,
  V00_q0: 1.0886002762839138, V00_q1: 0.8643709645645924, V10_q0: -0.33937355512375716,
  V10_q1: 0.09634971020954393, V11_q0: 1.5508256087627468, V11_q1: -0.07204505883068713,
  V20_q0: -0.6698237175194355, V20_q1: 0.3568867382079245, V21_q0: 0.14482087506682068,
  V21_q1: -1.3725858649228373, V22_q0: -0.13338410372104667, V22_q1: 0.20103211814438213,
  Y0s_q0: -1.6782059282090616, Y0s_q1: -1.7636520018621642, Y1s_q0: -1.936549260135739,
  Y1s_q1: -1.2388524841298751, Y2s_q0: 1.087181412241717, Y2s_q1: -1.7472515232671024,
  Z0s_q0: 0.00014353273072399537, Z0s_q1: 0.00013272339805381407, Z1s_q0: -0.00016209556332832896,
  Z1s_q1: -0.00015637634191054128, Z2s_q0: 7.930383329588556e-05, Z2s_q1: 6.27353372808201e-05}
