{E0_q0: 0.6559970734896429, E0_q1: 0.6688531441119518, E1_q0: 2.9938293949273853,
  E1_q1: -0.19601832840567257, U00_q0: -3.8739752682816166, U00_q1: -4.093047517350364,
  U10_q0: -6.519744923771461, U10_q1: 1.9197301920387073, U11_q0: 0.12333674218338057,
  U11_q1: -1.5533280794208653, V00_q0: 1.2318031710534534, V00_q1: 1.1386874506752127,
  V10_q0: -0.909377532457357, V10_q1: -1.2999988495187962, V11_q0: -0.7850239085117463,
  V11_q1: 0.7386211089428631, Y0s_q0: -1.3823229006670876, Y0s_q1: -1.4175613609746962,
  Y1s_q0: -2.370423040542272, Y1s_q1: -0.6096627009873591, Z0s_q0: 1.3439144476841218e-05,
  Z0s_q1: 1.2995344793170708e-05, Z1s_q0: -2.233724345464248e-06, Z1s_q1: 2.5364604566704903e-07}
