{E0_q0: 0.7289513152838224, E0_q1: 0.7549675963018294, E1_q0: -0.6999999999999998,
  E1_q1: -0.8000000000000004, E2_q0: -0.7, E2_q1: -0.8, Y0s_q0: -1.4416171881537918,
  Y0s_q1: -1.4486746909484245, Y1s_q0: 0.0, Y1s_q1: 0.0, Y2s_q0: 0.0, Y2s_q1: 0.0,
  Z0s_q0: 0.00021258877382843725, Z0s_q1: 0.0001975896607571217, Z1s_q0: 0.0, Z1s_q1: 0.0,
  Z2s_q0: 0.0, Z2s_q1: 0.0}
