{E0_q0: 0.7180635918383871, E0_q1: 0.7299233343696564, E1_q0: -0.7195315938273016,
  E1_q1: -0.7284234399325918, U00_q0: -4.876405722598149, U00_q1: -4.546637494045572,
  U10_q0: 0.709731924898683, U10_q1: -0.3242857276989003, U11_q0: -1.360169029990819,
  U11_q1: -2.333403966388484, V00_q0: 0.29675701447591846, V00_q1: 0.27132442796417344,
  V10_q0: 0.00013820012335201916, V10_q1: -0.0002156391824297836, V11_q0: -0.5830744772802348,
  V11_q1: 0.5598415662261247, Y0s_q0: -1.5267919619190269, Y0s_q1: -1.5417423000683206,
  Y1s_q0: -1.8608661280898349, Y1s_q1: -1.7824547599109481, Z0s_q0: 0.0001899412142601867,
  Z0s_q1: 0.00018352975461620626, Z1s_q0: 0.00015474890826407383, Z1s_q1: -0.00014957863504069132}
