{E0_q0: 0.7420580494505649, E0_q1: 0.753516495929529, E1_q0: -0.6999999999999996,
  E1_q1: -0.7999999999999999, Y0s_q0: -1.6795167751100926, Y0s_q1: -1.6964618357631185,
  Y1s_q0: 2.500172035889347e-16, Y1s_q1: 0.0, Z0s_q0: 0.00020781941413792034, Z0s_q1: 0.00020035479963616886,
  Z1s_q0: 0.0, Z1s_q1: 0.0}
