{E0_q0: 0.7430726921874331, E0_q1: 0.7691911417742496, E1_q0: -1.9221583878903103,
  E1_q1: -1.880997275716152, U00_q0: -4.157787176497441, U00_q1: -3.642453930924622,
  U10_q0: 0.314004262152398, U10_q1: 0.1692122473320392, U11_q0: 0.5577615569562107,
  U11_q1: -1.0056272596005738, V00_q0: 1.0971179068248609, V00_q1: 0.9231132360642329,
  V10_q0: -0.016407281658840506, V10_q1: -0.015277899879500826, V11_q0: -0.29923945252108497,
  V11_q1: -0.31798772673310177, Y0s_q0: -1.6312013430237868, Y0s_q1: -1.6241131330047782,
  Y1s_q0: 0.1536415740650566, Y1s_q1: -0.1824317350046843, Z0s_q0: 0.0002106084923787307,
  Z0s_q1: 0.00019553493404990196, Z1s_q0: -6.686914231015903e-05, Z1s_q1: -6.272320101778898e-05}
