{E0_q0: 0.7517984627556903, E1_q0: -0.6999999999999998, E2_q0: -0.6999999999999993,
  E3_q0: -0.7, Y0s_q0: -1.5858488537939424, Y1s_q0: 0.0, Y2s_q0: 0.0, Y3s_q0: 0.0,
  Z0s_q0: 0.0002188557186703286, Z1s_q0: 0.0, Z2s_q0: 0.0, Z3s_q0: 0.0}
