{E0_q0: 0.7181687619856079, E0_q1: 0.7447856038369961, E1_q0: -0.8099029541990937,
  E1_q1: -0.8267392135109329, U00_q0: -4.138108516161029, U00_q1: -3.842282270817966,
  U10_q0: -0.4817230771122772, U10_q1: -0.1632780088786244, U11_q0: 3.4484758491081995,
  U11_q1: -3.5048881179022175, V00_q0: 0.5777351799235096, V00_q1: 0.48479659434175865,
  V10_q0: 0.0008254296205239071, V10_q1: -0.001575732443492961, V11_q0: -0.5263005636676603,
  V11_q1: 0.5128430952998424, Y0s_q0: -1.4998964393855285, Y0s_q1: -1.516788144561279,
  Y1s_q0: -1.821103734444896, Y1s_q1: -1.8093172376120448, Z0s_q0: 0.00019092499480682804,
  Z0s_q1: 0.00017713429858472952, Z1s_q0: 0.0001732700399281543, Z1s_q1: -0.00016051430785352417}
