{E0_q0: 0.7440597786732188, E0_q1: 0.7561296189701209, E1_q0: 0.04795442498827559,
  E1_q1: -0.8188954751652205, V00_q0: 0.6193690692774375, V00_q1: 0.5667885314194554,
  V10_q0: 0.006355554008380774, V10_q1: 0.323767808009318, V11_q0: 0.0005828177359104427,
  V11_q1: -5.326384732153901e-05, Z0s_q0: 0.0002119895756461573, Z0s_q1: 0.0002049741828739767,
  Z1s_q0: 3.572269611541537e-05, Z1s_q1: 7.448559112000303e-07}
