{E0_q0: 0.7351235707133057, E0_q1: 0.7608331558371193, E1_q0: 0.32703154904711096,
  E1_q1: -2.5598303820045696, U00_q0: -4.4138957894048385, U00_q1: -4.0825204157435655,
  U10_q0: 0.14077735997712218, U10_q1: 1.0065638541333877, U11_q0: 1.2606779662149129e-11,
  U11_q1: -0.0003208622535167424, V00_q0: 0.5742676106477316, V00_q1: 0.4741461483041952,
  V10_q0: -0.2617425848777925, V10_q1: 0.13186512912190115, V11_q0: 3.16950739912006e-06,
  V11_q1: -0.01079527450972168, Y0s_q0: -1.4717015260253579, Y0s_q1: -1.4810624170733464,
  Y1s_q0: -1.4975743950496698, Y1s_q1: -1.4896830056831047, Z0s_q0: 0.0002148873069085263,
  Z0s_q1: 0.00019936570289293725, Z1s_q0: -1.4800289805510293e-06, Z1s_q1: 8.692574268098948e-06}
