{E0_q0: 0.7442137886584335, E0_q1: 0.7563658426178513, E1_q0: 0.22163295069258696,
  E1_q1: 0.2689677818793435, V00_q0: 0.6179871837981972, V00_q1: 0.5646505585457453,
  V10_q0: -0.06102527950206133, V10_q1: 0.3134005682214454, V11_q0: 0.00033485247510347426,
  V11_q1: 3.389941784465096e-05, Z0s_q0: 0.00021207256394303005, Z0s_q1: 0.00020511298603589402,
  Z1s_q0: 4.6690402185260256e-05, Z1s_q1: -7.2183685877601865e-06}
