{E0_q0: 0.733259235288474, E0_q1: 0.7590843991955727, E1_q0: -0.9800259359306347,
  E1_q1: -0.8043568394270355, E2_q0: -1.0706008920320733, E2_q1: -0.6835303885956303,
  E3_q0: -0.6999999999999997, E3_q1: -0.7999999999999994, U00_q0: -4.497771685713387,
  U00_q1: -4.091788587607951, U10_q0: -0.37596801119716966, U10_q1: 1.63987406249676,
  U11_q0: -3.178904969260281e-05, U11_q1: -0.0001741885695482486, U20_q0: 1.5662304395599416,
  U20_q1: -1.7696435974983997, U21_q0: -0.0004668563032913774, U21_q1: -0.00030593509312815934,
  U22_q0: -4.243405533941025e-06, U22_q1: 1.6828069679339748e-07, U30_q0: -2.989026930491483e-20,
  U30_q1: 5.0e-324, U31_q0: 2.40608728165683e-16, U31_q1: -9.231147120602982e-58,
  U32_q0: 1.9108931743599675e-16, U32_q1: -1.1266936209271175e-39, U33_q0: 1.5867975526144083e-19,
  U33_q1: -3.569915783243672e-76, V00_q0: 0.5750345789985117, V00_q1: 0.4764314666992835,
  V10_q0: 0.04881549662495395, V10_q1: 0.06637625195163797, V11_q0: -0.008191929524569362,
  V11_q1: -0.009228024099042968, V20_q0: -0.11856233969839038, V20_q1: -0.13498342378731779,
  V21_q0: -0.010373771903988189, V21_q1: -0.0024030623364714168, V22_q0: -0.0030021320669353087,
  V22_q1: 0.0003477036212395262, V30_q0: -1.3706859328186985e-18, V30_q1: 1.554851856770022e-19,
  V31_q0: 1.452540246734012e-20, V31_q1: -3.408958654175182e-27, V32_q0: 5.336460616205963e-21,
  V32_q1: -4.771250207944209e-19, V33_q0: -7.100715432490608e-40, V33_q1: -1.6267837907373667e-19,
  Y0s_q0: -1.4586573660016164, Y0s_q1: -1.4694247978957207, Y1s_q0: 0.06375537035468071,
  Y1s_q1: 0.09191066731680153, Y2s_q0: -0.17810307008854084, Y2s_q1: 0.009296018437721133,
  Y3s_q0: -2.41867492585674e-16, Y3s_q1: -1.5839517630392574e-16, Z0s_q0: 0.0002140020601684612,
  Z0s_q1: 0.0001987537229946015, Z1s_q0: -1.44775623043937e-05, Z1s_q1: 2.4960594613398695e-05,
  Z2s_q0: -2.888009696952114e-05, Z2s_q1: -7.3990509633177925e-06, Z3s_q0: 9.516319302002906e-23,
  Z3s_q1: 3.759294465570872e-25}
