{E0_q0: 0.7487036136242003, E1_q0: -0.7000000000000002, E2_q0: -0.6999999999999995,
  E3_q0: -0.7, Y0s_q0: -1.6481435482304405, Y1s_q0: 0.0, Y2s_q0: 0.0, Y3s_q0: 0.0,
  Z0s_q0: 0.00021876442963903847, Z1s_q0: 0.0, Z2s_q0: 0.0, Z3s_q0: 0.0}
