{E0_q0: 0.7184249014867974, E0_q1: 0.744692296784228, E1_q0: -1.2624434739852244,
  E1_q1: -1.3247705389347755, E2_q0: -1.0483953251082359, E2_q1: -1.0090509091289281,
  U00_q0: -5.736454433244032, U00_q1: -6.334395014653367, U10_q0: -0.4326178474822834,
  U10_q1: 2.4325758208107553, U11_q0: 0.04458429775856481, U11_q1: 0.19112296862745137,
  U20_q0: -3.2233033507391773, U20_q1: 2.429901326449065, U21_q0: 0.0167303143837007,
  U21_q1: 0.049273980866536046, U22_q0: 0.0011205894311568875, U22_q1: 0.003499455456213016,
  V00_q0: 0.8684738558991096, V00_q1: 0.6784338259046325, V10_q0: -1.3331490524586946,
  V10_q1: -1.2608774021516724, V11_q0: -0.12011426022400926, V11_q1: 0.3450810503971846,
  V20_q0: -0.9071384423075542, V20_q1: -0.7760977405151575, V21_q0: 0.15232285331169768,
  V21_q1: -0.21689975846424395, V22_q0: -0.025535017484605255, V22_q1: 0.04739725637912054,
  Y0s_q0: -1.4549222850770231, Y0s_q1: -1.487255531629415, Y1s_q0: -1.2258331824797077,
  Y1s_q1: -0.23158020857959025, Y2s_q0: 0.9063742404943047, Y2s_q1: -0.46544467228348013,
  Z0s_q0: 0.00020928166100295391, Z0s_q1: 0.0001940743033937352, Z1s_q0: -6.115409606113133e-05,
  Z1s_q1: -5.8525558288089525e-05, Z2s_q0: 6.654260083258072e-05, Z2s_q1: 6.922872278367695e-05}
