{E0_q0: 0.7487096872084918, E0_q1: 0.7745896958784423, E1_q0: -1.379244657041606,
  E1_q1: -1.3069432026094168, U00_q0: -3.897684363573192, U00_q1: -3.3753712715109083,
  U10_q0: -0.010071834715402463, U10_q1: 0.099494494836127, U11_q0: -0.01713362339789896,
  U11_q1: 0.006482124543155969, V00_q0: 1.0005879229216865, V00_q1: 0.8517470013569168,
  V10_q0: 8.8535871717564e-05, V10_q1: -0.0012276663356869132, V11_q0: 0.04601657889021897,
  V11_q1: -0.0108643152158999, Y0s_q0: -1.6078976734850745, Y0s_q1: -1.6017687103707818,
  Y1s_q0: -0.0463978988211692, Y1s_q1: -0.5076871754536636, Z0s_q0: 0.00021270324185016775,
  Z0s_q1: 0.000197414579908539, Z1s_q0: -6.998760766533959e-05, Z1s_q1: 6.744080356884665e-05}
