{E0_q0: 0.7466029788967291, E1_q0: -0.6999999999999994, E2_q0: -0.6999999999999998,
  E3_q0: -0.7, Y0s_q0: -1.658062266041638, Y1s_q0: 0.0, Y2s_q0: 0.0, Y3s_q0: 0.0,
  Z0s_q0: 0.00021504796076027242, Z1s_q0: 0.0, Z2s_q0: 0.0, Z3s_q0: 0.0}
