{E0_q0: 0.7206665872816298, E0_q1: 0.7475501531195722, E1_q0: -1.8808587472693579,
  E1_q1: -1.9034495736160633, U00_q0: -4.557574838786768, U00_q1: -5.279188993291151,
  U10_q0: 0.09845438334091919, U10_q1: 0.3872344468409521, U11_q0: -2.2185779419532885,
  U11_q1: 3.906966380761705, V00_q0: 1.0406054637043904, V00_q1: 0.8421806409736493,
  V10_q0: -0.0013209216856453132, V10_q1: -0.0023018051770333386, V11_q0: 1.1628117478821132,
  V11_q1: -1.218088040115633, Y0s_q0: -1.6651627920606187, Y0s_q1: -1.6974519163620956,
  Y1s_q0: -1.1560494663793712, Y1s_q1: -1.1265286087803954, Z0s_q0: 0.00017824450246114803,
  Z0s_q1: 0.0001649501020283014, Z1s_q0: -0.00014037589952191668, Z1s_q1: 0.0001316091888045072}
