{E0_q0: 0.7547072810121995, E0_q1: 0.7799610517002463, E1_q0: -2.1434305207178137,
  E1_q1: -1.078693135150605, U00_q0: -4.270176612876789, U00_q1: -3.827283718630403,
  U10_q0: 0.24848632527599127, U10_q1: -1.3162479252943808, U11_q0: -0.06605303598607921,
  U11_q1: 0.04530164985645866, V00_q0: 0.5761577751232003, V00_q1: 0.48157861926972606,
  V10_q0: 0.09133041748902136, V10_q1: 0.10145752463952704, V11_q0: -0.10697245803426526,
  V11_q1: -0.01624485283021938, Y0s_q0: -1.5067317528030253, Y0s_q1: -1.5193631954088207,
  Y1s_q0: -1.4507571633305483, Y1s_q1: -1.5148372830637882, Z0s_q0: 0.00022712977297563281,
  Z0s_q1: 0.00021095716212049477, Z1s_q0: -9.99201646975678e-06, Z1s_q1: -2.472247269936891e-06}
