{E0_q0: 0.7364053503987855, E0_q1: 0.74795429741508, E1_q0: -0.7076064600995638, E1_q1: -0.9624215473116525,
  Y0s_q0: -1.522517971219092, Y0s_q1: -1.527891656421366, Y1s_q0: -1.5243004990165467,
  Y1s_q1: -1.4870524433864607, Z0s_q0: 0.00021393202540607488, Z0s_q1: 0.00020680270012911602,
  Z1s_q0: 2.317427228529639e-06, Z1s_q1: -2.8433797486616533e-07}
