{E0_q0: 0.7387661584417052, E0_q1: 0.7648639705962239, E1_q0: -0.7089578503927492,
  E1_q1: -0.6263611393962212, E2_q0: -0.7240947752046804, E2_q1: -0.45550581243431015,
  U00_q0: -4.287076311435987, U00_q1: -3.8551024129647615, U10_q0: 1.8911065505980114,
  U10_q1: -0.8151860470600429, U11_q0: -0.006678762434666551, U11_q1: -0.017183090093077544,
  U20_q0: 1.7683952690549158, U20_q1: 0.44649983275901295, U21_q0: 0.034498216733549775,
  U21_q1: -0.30079117896892443, U22_q0: 0.004962198466319431, U22_q1: -4.517834244014383e-05,
  V00_q0: 0.5556316794180268, V00_q1: 0.4650362113511187, V10_q0: 0.005412428444639765,
  V10_q1: 0.008602169696011153, V11_q0: 0.0694034033624708, V11_q1: 0.04635747001625135,
  V20_q0: -0.00839581654072717, V20_q1: -0.005197957518279281, V21_q0: 0.018536023829497757,
  V21_q1: 0.13802858280513475, V22_q0: 0.0056458345684703886, V22_q1: -0.0030570499201404123,
  Y0s_q0: -1.5192292940845862, Y0s_q1: -1.5268473086246575, Y1s_q0: -1.7220861275929524,
  Y1s_q1: -1.7872972440591415, Y2s_q0: -1.4535444383710516, Y2s_q1: -1.5007892575413868,
  Z0s_q0: 0.00021133377608495682, Z0s_q1: 0.00019637770537159695, Z1s_q0: 0.00011632767733150875,
  Z1s_q1: 0.00012009467990799337, Z2s_q0: -7.849638089214243e-05, Z2s_q1: 2.8577166609671092e-06}
