{E0_q0: 0.7523348560273184, E0_q1: 0.7775068657906378, E1_q0: 0.5474491139829593,
  E1_q1: -2.611127034376759, U00_q0: -4.2315093312720995, U00_q1: -3.869124397241548,
  U10_q0: 0.2611434504835727, U10_q1: 0.4282184291530107, U11_q0: 1.5155163987241764e-06,
  U11_q1: -0.006914184668234852, V00_q0: 0.563389080555833, V00_q1: 0.46961688457826195,
  V10_q0: 0.005612340778715413, V10_q1: -0.13816223005328906, V11_q0: 0.00022379630930692579,
  V11_q1: -0.06751594198619298, Y0s_q0: -1.4944740557704201, Y0s_q1: -1.5085948888462306,
  Y1s_q0: -1.4027547500806041, Y1s_q1: -1.4990865782311444, Z0s_q0: 0.00022566627308144712,
  Z0s_q1: 0.00020938636050990848, Z1s_q0: 4.2030541593917984e-05, Z1s_q1: -7.293087712015385e-06}
