{E0_q0: 0.7454438651039784, E0_q1: 0.7554481489984352, E1_q0: -1.9829923254708652,
  E1_q1: -4.358304442870347, V00_q0: 0.6563297515653823, V00_q1: 0.7049975876234474,
  V10_q0: -0.866777207212488, V10_q1: -0.2918083273920363, V11_q0: 0.006841829560263484,
  V11_q1: 0.331364373909627, Y0s_q0: -1.5544220431813691, Y0s_q1: -1.55217779358692,
  Y1s_q0: -1.5135070426646444, Y1s_q1: -1.5905326851829873, Z0s_q0: 0.00021145428222845393,
  Z0s_q1: 0.00019091164458503237, Z1s_q0: 1.0148030069027565e-05, Z1s_q1: 7.34656023796943e-05}
