{E0_q0: 0.6820898046034908, E0_q1: 0.6946870613077102, E1_q0: -2.1822978284086605,
  E1_q1: -2.1980565589430445, U00_q0: -5.2867721851088465, U00_q1: -6.027467462740725,
  U10_q0: -2.8008802289521535, U10_q1: 2.1390403635854827, U11_q0: -3.1096697137070546,
  U11_q1: 2.4069457686990297, V00_q0: 1.8331631985348118, V00_q1: 1.6482557056231657,
  V10_q0: -0.04744102605155861, V10_q1: -0.04987571935879515, V11_q0: 0.5058902341485152,
  V11_q1: 0.5038450959307735, Y0s_q0: -0.4022216387668012, Y0s_q1: -0.34432920361076885,
  Y1s_q0: -2.633906682714292, Y1s_q1: -2.75431006080446, Z0s_q0: 0.00011326956541409783,
  Z0s_q1: 0.00011174372032713404, Z1s_q0: 0.00018604201295943187, Z1s_q1: 0.00017634792038570278}
