{E0_q0: 0.7289904576380415, E0_q1: 0.7385493409736865, E1_q0: -0.7424779357592939,
  E1_q1: -0.8427639146638936, V00_q0: 1.248526637936989, V00_q1: 1.137882005079387,
  V10_q0: -0.09664162944566053, V10_q1: -0.019594324769704623, V11_q0: -0.005803183892360841,
  V11_q1: -0.004875811058692486, Z0s_q0: 0.00020399033964201262, Z0s_q1: 0.0001953625914481823,
  Z1s_q0: 3.135727308534362e-05, Z1s_q1: -4.840767144973217e-05}
