{E0_q0: 0.7373837292599899, E0_q1: 0.763098482329835, E1_q0: 0.5346851643314625, E1_q1: 0.100343997747556,
  U00_q0: -4.279910503961666, U00_q1: -3.850715783089297, U10_q0: 2.8612414661646945,
  U10_q1: 1.992478263580114, U11_q0: 3.2833935529982183e-06, U11_q1: -2.218652085539258e-05,
  V00_q0: 0.5705207146025288, V00_q1: 0.47782107670990615, V10_q0: 0.1343226095171867,
  V10_q1: 0.19499047881465237, V11_q0: 0.0016463611965824058, V11_q1: -0.0033822972461495164,
  Y0s_q0: -1.4589489053742097, Y0s_q1: -1.4709292638583904, Y1s_q0: -1.4660957884972783,
  Y1s_q1: -1.4749923666066014, Z0s_q0: 0.00021460050743166777, Z0s_q1: 0.0001993746171112816,
  Z1s_q0: 7.558484258446357e-05, Z1s_q1: 2.284626831904483e-05}
