{E0_q0: 0.7482604609073483, E1_q0: -0.7000000000000001, E2_q0: -0.7000000000000001,
  E3_q0: -0.7, Y0s_q0: -1.6653591777794503, Y1s_q0: 0.0, Y2s_q0: 0.0, Y3s_q0: 0.0,
  Z0s_q0: 0.00021650103322014185, Z1s_q0: 0.0, Z2s_q0: 0.0, Z3s_q0: 0.0}
