{E0_q0: 0.725617189845824, E0_q1: 0.7337343873679171, E1_q0: -1.1314850633067406,
  E1_q1: -0.7483392720525279, V00_q0: 1.2052119669233616, V00_q1: 1.0726660224105027,
  V10_q0: -0.4989155445088155, V10_q1: -0.26845475181545386, V11_q0: -0.07927388859624714,
  V11_q1: 0.00034248395443701416, Z0s_q0: 0.00020534475734198984, Z0s_q1: 0.00019688587033250872,
  Z1s_q0: 4.307441688964979e-05, Z1s_q1: 1.7477044345046538e-05}
