{E0_q0: 0.7428803142890762, E0_q1: 0.75497337170389, E1_q0: 0.13407035247358498, E1_q1: 0.39324121529136724,
  V00_q0: 0.6238867356616526, V00_q1: 0.5700570369290184, V10_q0: -0.09294147248855429,
  V10_q1: 0.3099292218121445, V11_q0: 0.0006278455422929999, V11_q1: 9.28877947148329e-05,
  Z0s_q0: 0.00021273012047832993, Z0s_q1: 0.00020577086566735746, Z1s_q0: 4.402890992664161e-05,
  Z1s_q1: -2.0819370370368975e-05}
