{E0_q0: 0.7352282589949309, E0_q1: 0.7608840499859896, E1_q0: -0.9900235732596425,
  E1_q1: -1.304525121689918, E2_q0: -1.0028177443770527, E2_q1: -0.8424194023902998,
  U00_q0: -4.434965541902142, U00_q1: -4.069783922420523, U10_q0: 0.029461594601725993,
  U10_q1: 1.236295401457069, U11_q0: -6.6955363762120106e-09, U11_q1: -1.936734789030247e-05,
  U20_q0: 0.5823341224998294, U20_q1: -0.948244498742852, U21_q0: -1.6364036177297976e-07,
  U21_q1: -0.00012999893898363134, U22_q0: -4.615099193480223e-07, U22_q1: -5.041995535891357e-07,
  V00_q0: 0.5709466463484687, V00_q1: 0.4734301282057205, V10_q0: -0.035694624237660434,
  V10_q1: 0.08803516276464189, V11_q0: -8.314181409826408e-05, V11_q1: -0.0011589807532932214,
  V20_q0: -0.03177779213952796, V20_q1: -0.0398079222871608, V21_q0: -2.7048159937340077e-05,
  V21_q1: -0.000382703046572823, V22_q0: -0.00011502004827804615, V22_q1: -4.560044770004155e-05,
  Y0s_q0: -1.454596658306471, Y0s_q1: -1.463764205509055, Y1s_q0: -1.5042652137116053,
  Y1s_q1: -1.397656192252171, Y2s_q0: -1.542659808923249, Y2s_q1: -1.5101685162917855,
  Z0s_q0: 0.00021473677444980259, Z0s_q1: 0.00019935560185308174, Z1s_q0: -1.1104223598930797e-06,
  Z1s_q1: 1.5130497195442294e-05, Z2s_q0: -2.8105261993183915e-05, Z2s_q1: 9.443462983512828e-06}
