{E0_q0: 0.744228731690838, E0_q1: 0.756437587588047, E1_q0: -0.48686359033581206,
  E1_q1: -0.5472484533227483, V00_q0: 0.6137428746670812, V00_q1: 0.5599946539719055,
  V10_q0: -0.08756470827612883, V10_q1: 0.1795099326142998, V11_q0: 0.0041654246963755606,
  V11_q1: 0.0007013683957427151, Z0s_q0: 0.00021196930704417942, Z0s_q1: 0.00020504367913104743,
  Z1s_q0: 1.5604547640045232e-05, Z1s_q1: -3.852173441486004e-06}
