{E0_q0: 0.7416432592350451, E0_q1: 0.7531098128891421, E1_q0: 0.44182949738590027,
  E1_q1: -1.9501718215351107, U00_q0: -4.639249739463574, U00_q1: -4.332597347909669,
  U10_q0: 0.008666826342141087, U10_q1: -0.9794341739373459, U11_q0: 5.680110485103912e-08,
  U11_q1: -1.02208345086269e-07, V00_q0: 0.5663211742351532, V00_q1: 0.5200051326891427,
  V10_q0: 0.0002670011615325665, V10_q1: 0.17003258797955628, V11_q0: -0.00030812415840521967,
  V11_q1: 6.29810997358279e-05, Y0s_q0: -1.5558359537108823, Y0s_q1: -1.5633123931789474,
  Y1s_q0: -1.4999056798058483, Y1s_q1: -1.5062462522246625, Z0s_q0: 0.00020984808711297154,
  Z0s_q1: 0.00020275530735797449, Z1s_q0: -1.2120689488925842e-05, Z1s_q1: 3.5298195823585583e-07}
