{E0_q0: 0.7081019803393618, E0_q1: 0.7321446456076002, E1_q0: -2.2617731366616654,
  E1_q1: -3.094872928937567, U00_q0: -13.80860993397321, U00_q1: -10.841808295424492,
  U10_q0: 3.3126809237780463, U10_q1: -6.217650193564912, U11_q0: -0.034647571255541514,
  U11_q1: -0.9997781486089725, V00_q0: 0.6472437862817282, V00_q1: 0.4440575179930935,
  V10_q0: 0.43829264197090106, V10_q1: 0.09083398807747217, V11_q0: 0.14158513586898788,
  V11_q1: -0.7805457627295125, Y0s_q0: -1.8722582211737846, Y0s_q1: -2.6006317107086168,
  Y1s_q0: -0.6168075434036266, Y1s_q1: -1.0085217893463791, Z0s_q0: 1.2318331810886485e-06,
  Z0s_q1: 2.080157796430581e-06, Z1s_q0: -2.075113804145214e-06, Z1s_q1: 2.27851961373994e-07}
