{E0_q0: 0.7361238955077108, E0_q1: 0.7619810153043738, E1_q0: -1.8401186437553698,
  E1_q1: -0.8717216926943205, U00_q0: -4.302337498958797, U00_q1: -3.8388432224546603,
  U10_q0: 0.0888801214018815, U10_q1: 0.6912393527809892, U11_q0: -0.181347536541478,
  U11_q1: -0.014170805170961599, V00_q0: 0.569055601991193, V00_q1: 0.4750582950591216,
  V10_q0: -0.1046740991962687, V10_q1: -0.11918495539239549, V11_q0: 0.017618455070068338,
  V11_q1: 0.016173313638156772, Y0s_q0: -1.4658343677349308, Y0s_q1: -1.4792697476644414,
  Y1s_q0: -1.4537558247340117, Y1s_q1: -1.4971209100261809, Z0s_q0: 0.00021363816031928437,
  Z0s_q1: 0.00019853695006636542, Z1s_q0: 8.726902331633978e-06, Z1s_q1: 3.2063902765466905e-06}
