{E0_q0: 0.7367865433210973, E0_q1: 0.7617159199107054, E1_q0: 0.14876042455931315,
  E1_q1: -1.0617656705699487, E2_q0: -0.7075278942261256, E2_q1: -1.0108866775867187,
  E3_q0: -0.6999999999600257, E3_q1: -0.8000000000000073, U00_q0: -4.3417146820048815,
  U00_q1: -4.037845259202848, U10_q0: -4.3665035283136024, U10_q1: 1.0892099361739056,
  U11_q0: 6.0970128531114504e-05, U11_q1: 0.00015697280446782833, U20_q0: -0.0005656379239882311,
  U20_q1: -2.2788805411817488, U21_q0: 6.4962949750778965e-09, U21_q1: -0.0001185273252021188,
  U22_q0: 3.217306850101585e-14, U22_q1: 1.515928505890261e-09, U30_q0: -1.909493915733801e-15,
  U30_q1: 5.296743736684384e-32, U31_q0: -3.524081338927035e-15, U31_q1: 8.719023796421798e-35,
  U32_q0: -1.3506686458846051e-15, U32_q1: 6.583049438963834e-36, U33_q0: 5.015383397149437e-16,
  U33_q1: 3.5801952791857383e-53, V00_q0: 0.5633831108402649, V00_q1: 0.4664024483250712,
  V10_q0: -0.2087021581460492, V10_q1: -0.22255268715576834, V11_q0: 0.007245081497838025,
  V11_q1: 0.021324851247397136, V20_q0: 0.0019759982970235152, V20_q1: -0.28914159433774345,
  V21_q0: -7.01291447140062e-05, V21_q1: -0.012008808081958052, V22_q0: 1.6482862701503835e-07,
  V22_q1: 2.370783279930861e-05, V30_q0: 2.8175915591954303e-16, V30_q1: 1.4381571743945687e-17,
  V31_q0: 1.1566469504586352e-16, V31_q1: 1.4986790231126655e-16, V32_q0: -1.1818024044047137e-16,
  V32_q1: 2.2912205290321313e-16, V33_q0: -9.53286856981813e-17, V33_q1: -2.2030415155754654e-17,
  Y0s_q0: -1.474901018181216, Y0s_q1: -1.4830914092939824, Y1s_q0: -0.8874563097802146,
  Y1s_q1: -1.4280994991662341, Y2s_q0: -1.499874646254941, Y2s_q1: -1.7487432927837023,
  Y3s_q0: -1.5000000000000002, Y3s_q1: -1.4999999999999991, Z0s_q0: 0.0002143352103020499,
  Z0s_q1: 0.00019834737199219405, Z1s_q0: 5.7881893999803064e-05, Z1s_q1: -2.2150765226268896e-05,
  Z2s_q0: -1.9230619713779657e-06, Z2s_q1: 3.173380579819233e-05, Z3s_q0: -4.572816277630761e-21,
  Z3s_q1: -1.685813756060295e-21}
