{E0_q0: 0.7241371556927806, E0_q1: 0.7505142377288335, E1_q0: -0.793366002657053,
  E1_q1: -0.8093373951077875, U00_q0: -4.168475867349781, U00_q1: -3.823318950015526,
  U10_q0: -0.19556731776146144, U10_q1: 1.0805485932209729, U11_q0: 3.444172866372656,
  U11_q1: -3.5841290816388756, V00_q0: 0.5493575753874536, V00_q1: 0.46107245342161485,
  V10_q0: 0.0008665519352565559, V10_q1: -0.0016657380259195126, V11_q0: -0.3576762311487775,
  V11_q1: 0.3447740918552023, Y0s_q0: -1.5148855996140906, Y0s_q1: -1.5328527815386686,
  Y1s_q0: -1.7419259040360673, Y1s_q1: -1.7019710118468818, Z0s_q0: 0.000197227068667543,
  Z0s_q1: 0.00018289703058677856, Z1s_q0: 0.0001673314610587399, Z1s_q1: -0.00015563794463654553}
