{E0_q0: 0.7375394548211457, E0_q1: 0.7631962921081824, E1_q0: 0.6932883414515199,
  E1_q1: -2.6499793659013604, U00_q0: -4.336656598028021, U00_q1: -3.946935479200941,
  U10_q0: -0.0771503038954105, U10_q1: 0.8044654786914017, U11_q0: -6.391667799698325e-09,
  U11_q1: -0.00016633718134580989, V00_q0: 0.5613455107715135, V00_q1: 0.4654280220747906,
  V10_q0: -0.00674373139371888, V10_q1: 0.1443254234275563, V11_q0: 7.161251401497481e-05,
  V11_q1: -0.05017801546128621, Y0s_q0: -1.4736065884101193, Y0s_q1: -1.4840724135159282,
  Y1s_q0: -1.493133246048509, Y1s_q1: -1.490742819770751, Z0s_q0: 0.0002147881552375466,
  Z0s_q1: 0.00019932151810259384, Z1s_q0: -7.288300037014138e-05, Z1s_q1: 7.4835641418154954e-06}
