{E0_q0: 0.7391493347048868, E0_q1: 0.750660211287452, E1_q0: -0.42089298147688825,
  E1_q1: -0.4282531060639907, Y0s_q0: -1.5899342312780027, Y0s_q1: -1.5974264695030032,
  Y1s_q0: -1.6855188935399206, Y1s_q1: -1.6757724363377042, Z0s_q0: 0.00021068887835934695,
  Z0s_q1: 0.0002034440542083997, Z1s_q0: 0.00011557860843742763, Z1s_q1: 0.00011208949169228018}
