{E0_q0: 0.7683501222551952, E0_q1: 0.7930732953462059, U00_q0: -2.9336919971230553,
  U00_q1: -3.2158465295359124, V00_q0: 0.3739106409574881, V00_q1: 0.32614234627609795,
  Y0s_q0: -1.5500709516262805, Y0s_q1: -1.5526452702877236, Z0s_q0: 0.0002225953836419297,
  Z0s_q1: 0.00020639406985023686}
