{E0_q0: 0.7427124641729828, E0_q1: 0.76838443018292, E1_q0: -2.0454930661587554, E1_q1: -1.298001363960843,
  U00_q0: -4.344089230679014, U00_q1: -3.879736585086627, U10_q0: -0.30580849349856964,
  U10_q1: -0.2543074496921443, U11_q0: 0.34606700584810357, U11_q1: 0.02234820900167986,
  V00_q0: 0.5573492805840573, V00_q1: 0.464668974515582, V10_q0: -0.09176222660496698,
  V10_q1: -0.10446859044092432, V11_q0: 0.09756020394028418, V11_q1: -0.06859537586934616,
  Y0s_q0: -1.4794239651918708, Y0s_q1: -1.4900430346773443, Y1s_q0: -1.5123958461969396,
  Y1s_q1: -1.494071046371689, Z0s_q0: 0.00021600429008998619, Z0s_q1: 0.00020076944629115708,
  Z1s_q0: 1.0779152761502117e-05, Z1s_q1: 3.724593762237214e-06}
