{E0_q0: 0.7239492954789951, E0_q1: 0.7491379464123346, E1_q0: -0.7, E1_q1: -0.8, E2_q0: -0.7,
  E2_q1: -0.8, Z0s_q0: 0.00021148170800856236, Z0s_q1: 0.0001962453853618435, Z1s_q0: 0.0,
  Z1s_q1: 0.0, Z2s_q0: 0.0, Z2s_q1: 0.0}
