{E0_q0: 0.7343070876516419, E0_q1: 0.7458853096379157, E1_q0: -0.5599156614894404,
  E1_q1: -0.5692540935589409, V00_q0: 0.6306651580001017, V00_q1: 0.5767910898000642,
  V10_q0: -0.0217041855192073, V10_q1: 0.011657844566605393, V11_q0: 0.2268208249494845,
  V11_q1: 0.1496661430387384, Y0s_q0: -1.5948165808990473, Y0s_q1: -1.6033974452503792,
  Y1s_q0: -1.4892556307458635, Y1s_q1: -1.4403580777184202, Z0s_q0: 0.0002046002693850128,
  Z0s_q1: 0.0001975197404838464, Z1s_q0: 0.00011274217024333935, Z1s_q1: -0.00010961839776901765}
