{E0_q0: 0.7342252737582428, E0_q1: 0.7591154874318452, E1_q0: -0.6550089020721145,
  E1_q1: -0.9967681127989285, E2_q0: 0.3415800705759488, E2_q1: -0.38580702789894894,
  E3_q0: -0.7, E3_q1: -0.7999999999999999, U00_q0: -4.447830163749866, U00_q1: -4.054312994301273,
  U10_q0: -1.2975357167765498, U10_q1: 1.7776951635803884, U11_q0: 0.02213760720866156,
  U11_q1: -0.1311050088834435, U20_q0: -1.5828693045022795, U20_q1: 0.7753815163742701,
  U21_q0: 0.0009102172556537844, U21_q1: 0.005975414336904006, U22_q0: 9.729540540416449e-11,
  U22_q1: 3.2083782892713e-07, U30_q0: 9.9618967774508e-17, U30_q1: -1.2631581914943127e-50,
  U31_q0: -9.744096847321216e-16, U31_q1: -1.3629761813801201e-45, U32_q0: 2.4153497799047117e-18,
  U32_q1: -4.287363218543332e-46, U33_q0: 9.711405926730017e-16, U33_q1: -2.6501285486465872e-80,
  V00_q0: 0.5731528127804348, V00_q1: 0.47462080565762393, V10_q0: -0.02977352816494224,
  V10_q1: -0.0516223965340037, V11_q0: -0.1741970745745217, V11_q1: -0.16524934974338634,
  V20_q0: -0.4422416951053929, V20_q1: -0.2967229588633187, V21_q0: 0.011176546744989791,
  V21_q1: 0.030255777287519017, V22_q0: -1.156976202791542e-05, V22_q1: -0.00021165882121889935,
  V30_q0: -6.211956416751415e-17, V30_q1: -2.3346384820576065e-28, V31_q0: -2.88062151641966e-26,
  V31_q1: 1.4787613190212254e-21, V32_q0: 4.552866517336516e-30, V32_q1: -7.547409215105077e-20,
  V33_q0: -2.0856455352611658e-48, V33_q1: 1.075406624626283e-18, Y0s_q0: -1.4777671762645783,
  Y0s_q1: -1.4940879750528306, Y1s_q0: 0.17550825956465793, Y1s_q1: -0.11067051654792165,
  Y2s_q0: 1.5445064981560943, Y2s_q1: -0.2862642748050049, Y3s_q0: -2.3307128216293407e-18,
  Y3s_q1: -8.054356052921691e-17, Z0s_q0: 0.00021391724975734322, Z0s_q1: 0.00019766256135446558,
  Z1s_q0: 5.070431050640232e-05, Z1s_q1: -4.8312428782749637e-05, Z2s_q0: 9.315663554520887e-05,
  Z2s_q1: 4.251062192109582e-05, Z3s_q0: -1.4982195223546662e-22, Z3s_q1: 1.324198618090967e-32}
