{E0_q0: 0.7492404706412417, E0_q1: 0.7605909645825953, E1_q0: -0.6999999999999998,
  E1_q1: -0.7999999999999998, V00_q0: 1.1017492347318556, V00_q1: 1.024403967395295,
  V10_q0: 0.0, V10_q1: 0.0, V11_q0: 0.0, V11_q1: 0.0, Y0s_q0: -1.6091477860067087,
  Y0s_q1: -1.616586115066277, Y1s_q0: 5.262761907185997e-16, Y1s_q1: -2.9303752221078843e-16,
  Z0s_q0: 0.0002081070052592053, Z0s_q1: 0.00020091951982140134, Z1s_q0: 0.0, Z1s_q1: 0.0}
