{E0_q0: 0.687878339335311, E0_q1: 0.7001969973435185, E1_q0: 2.9967948407190854, E1_q1: -2.473188817039168,
  V00_q0: 0.2558720545002686, V00_q1: 0.24412691799941805, V10_q0: 0.6278363264953369,
  V10_q1: -0.3821017687787623, V11_q0: 0.005286405315063894, V11_q1: 0.015368635121325996,
  Y0s_q0: -1.5014591682530496, Y0s_q1: -1.5130532491781163, Y1s_q0: -1.4493365027783436,
  Y1s_q1: -1.5688816949179818, Z0s_q0: 0.00015072713636425005, Z0s_q1: 0.00014555136877556925,
  Z1s_q0: 5.979348391790328e-05, Z1s_q1: 3.197367253481214e-06}
