{E0_q0: 0.6754740076688119, E0_q1: 0.6879094916124514, E1_q0: -0.15891554799177804,
  E1_q1: -0.6190142928075194, U00_q0: -22.790461403051584, U00_q1: -23.774141079705974,
  U10_q0: 41.22195385562059, U10_q1: -14.68748739857, U11_q0: -0.19680732929005068,
  U11_q1: -0.02921990524350059, V00_q0: 0.6936344065229371, V00_q1: 0.46320837128447845,
  V10_q0: -0.023779767984095725, V10_q1: 0.027216004996367896, V11_q0: 6.665207829813708,
  V11_q1: 0.30750382384316094, Y0s_q0: -2.678845753285955, Y0s_q1: -2.9401541281490533,
  Y1s_q0: -1.5233209705552704, Y1s_q1: -2.153064249109595, Z0s_q0: 3.318042148243027e-05,
  Z0s_q1: 3.13230214199675e-05, Z1s_q0: -4.170730600122528e-06, Z1s_q1: 2.7589837176086142e-06}
