{E0_q0: 0.7262249585285847, E0_q1: 0.7499705676768599, E1_q0: -0.5814688545580996,
  E1_q1: -1.6914335419082398, E2_q0: -3.156057164586703, E2_q1: -0.4501777992579387,
  U00_q0: -4.940303165240978, U00_q1: -4.662189820754061, U10_q0: 3.456416676976382,
  U10_q1: 7.173655196177029, U11_q0: 0.0007968176407831775, U11_q1: 0.10119795814165887,
  U20_q0: -3.8872423819562925, U20_q1: -0.03969445982319289, U21_q0: 0.0330364714944062,
  U21_q1: 0.7430558279117121, U22_q0: 0.09692792674972697, U22_q1: -0.19969844500633005,
  V00_q0: 1.0478760794167759, V00_q1: 0.8424461528115355, V10_q0: 1.4082258718803595,
  V10_q1: 0.21584534528430926, V11_q0: -0.025767317317877108, V11_q1: 0.2846423673975616,
  V20_q0: -0.35953634456095657, V20_q1: -0.011917607706808475, V21_q0: -0.1715217480807679,
  V21_q1: 0.5926535157561387, V22_q0: -0.3159773490818079, V22_q1: 0.4999108022219495,
  Y0s_q0: -1.4559652836137402, Y0s_q1: -1.4852678618971529, Y1s_q0: -0.9782725779858864,
  Y1s_q1: -0.3328723179479004, Y2s_q0: 0.9708391943020312, Y2s_q1: -0.09530785368081497,
  Z0s_q0: 0.0002181423088671378, Z0s_q1: 0.00019930267329813222, Z1s_q0: 1.879036347253187e-05,
  Z1s_q1: 5.103349586582817e-05, Z2s_q0: 6.882282423035482e-05, Z2s_q1: -7.128888796283545e-05}
