{E0_q0: 0.7226663013084297, E0_q1: 0.7490206464417263, E1_q0: -0.7, E1_q1: -0.8, E2_q0: -0.7,
  E2_q1: -0.8, Z0s_q0: 0.00021006237533060436, Z0s_q1: 0.00019569267163687095, Z1s_q0: 0.0,
  Z1s_q1: 0.0, Z2s_q0: 0.0, Z2s_q1: 0.0}
