{E0_q0: 0.7395192946857688, E0_q1: 0.7652253241273621, E1_q0: -2.32835297628948, E1_q1: -1.0813990209181246,
  U00_q0: -4.323356532364287, U00_q1: -3.8713325384519837, U10_q0: -0.2846787197513849,
  U10_q1: 0.10283972785502181, U11_q0: -0.002598512994480919, U11_q1: -0.0024721035186752133,
  V00_q0: 0.5780528446328852, V00_q1: 0.4811357031783572, V10_q0: 0.1618401866298679,
  V10_q1: 0.18102568964128937, V11_q0: -0.019638857548148345, V11_q1: -0.015929785870234938,
  Y0s_q0: -1.4724821747052563, Y0s_q1: -1.4817479228507657, Y1s_q0: -1.4983136670950927,
  Y1s_q1: -1.4984742125268944, Z0s_q0: 0.00021571460810997455, Z0s_q1: 0.00020043491361535986,
  Z1s_q0: -7.059743805478065e-06, Z1s_q1: -1.471231331630054e-06}
