{E0_q0: 0.752084520687542, E0_q1: 0.7634106097163114, E1_q0: -0.9580582399217111,
  E1_q1: -0.9669452633615135, E2_q0: -1.0975876719791229, E2_q1: -0.8875376968700694,
  U00_q0: -4.835141158016193, U00_q1: -4.473848061602681, U10_q0: 0.04912498775316816,
  U10_q1: -0.10933109212224193, U11_q0: 0.010788651679035349, U11_q1: 0.019581061931272417,
  U20_q0: -0.01610590383986433, U20_q1: -0.009052054876911138, U21_q0: 0.00044297965256168907,
  U21_q1: -0.017925673047726843, U22_q0: 1.2431308440351664e-09, U22_q1: -3.3168792523802796e-08,
  V00_q0: 1.2125010306586308, V00_q1: 1.1111123538207215, V10_q0: -0.014971548790171624,
  V10_q1: 0.0014738118409698892, V11_q0: -0.10138717901953863, V11_q1: -0.11079142329326737,
  V20_q0: -0.20637412680289588, V20_q1: 0.008298698208749575, V21_q0: 0.05849294352132614,
  V21_q1: -0.18822492084571033, V22_q0: -3.748465423598638e-05, V22_q1: 0.0004131558797860917,
  Y0s_q0: -1.6902954370241001, Y0s_q1: -1.7165614020870268, Y1s_q0: -1.1404550411859793,
  Y1s_q1: 0.7837214893689013, Y2s_q0: -0.026518915028693905, Y2s_q1: 0.015130477913709217,
  Z0s_q0: 0.00021242192640349685, Z0s_q1: 0.0002047989402849975, Z1s_q0: -6.503156972708582e-05,
  Z1s_q1: 6.431169666962932e-05, Z2s_q0: 5.551265417396549e-06, Z2s_q1: 1.5715667873107697e-05}
