{E0_q0: 0.734079728125353, E1_q0: 0.274665318404702, U00_q0: -4.574599567284539, U10_q0: 5.5932351509097655,
  U11_q0: 6.682364976312463e-08, V00_q0: 0.5660590803588641, V10_q0: -0.18781325793271336,
  V11_q0: -1.5718916567507642e-06, Y0s_q0: -1.4404135379791132, Y1s_q0: -1.445763050296643,
  Z0s_q0: 0.0002151755734125024, Z1s_q0: -3.396735395062341e-05}
