{E0_q0: 0.7400205592225468, E0_q1: 0.7657466759835326, E1_q0: -1.9018102875539102,
  E1_q1: -1.2571747784202942, U00_q0: -4.306282538135071, U00_q1: -3.865498064808891,
  U10_q0: -0.9270799070127657, U10_q1: 0.06502659646323046, U11_q0: 0.0004969395821099945,
  U11_q1: 0.005667535530422748, V00_q0: 0.5425824304631166, V00_q1: 0.45254906267494704,
  V10_q0: -0.12562265478661658, V10_q1: -0.13718733191556082, V11_q0: -0.04530499923213678,
  V11_q1: -0.0046005756884548565, Y0s_q0: -1.4747420477168105, Y0s_q1: -1.4862036871030802,
  Y1s_q0: -1.5003839163344852, Y1s_q1: -1.496415288949365, Z0s_q0: 0.00021438511469861203,
  Z0s_q1: 0.00019921376812228245, Z1s_q0: 9.338668562275341e-06, Z1s_q1: 3.936501114286301e-06}
