{E0_q0: 0.7424883902676706, E0_q1: 0.7680096706015295, E1_q0: -1.0079704590140803,
  E1_q1: -1.5525163749255502, U00_q0: -4.213735594177748, U00_q1: -3.820047169069745,
  U10_q0: 1.0860270911671974, U10_q1: 0.411296056492735, U11_q0: 0.00154943626794987,
  U11_q1: -0.004032589146005529, V00_q0: 0.5506743693287638, V00_q1: 0.46084316947936027,
  V10_q0: -0.2447999709579342, V10_q1: -0.2388385179644339, V11_q0: 0.024680350365015678,
  V11_q1: -0.03788072945014891, Y0s_q0: -1.4691481094914365, Y0s_q1: -1.485746547213787,
  Y1s_q0: -1.5009791319750083, Y1s_q1: -1.4939380271923117, Z0s_q0: 0.00021696586526835437,
  Z0s_q1: 0.00020149294461670604, Z1s_q0: -3.152692899542014e-06, Z1s_q1: -5.158429683420695e-06}
