{E0_q0: 0.7351423151527771, E0_q1: 0.7606924121291294, E1_q0: -0.7951450383531262,
  E1_q1: -0.760326611344348, U00_q0: -4.369027902204452, U00_q1: -3.9522434532753894,
  U10_q0: 0.19370379117405281, U10_q1: -0.02816245690488623, U11_q0: 8.324563432711252e-07,
  U11_q1: -1.173039321630974e-06, V00_q0: 0.57980366304389, V00_q1: 0.4825897005738078,
  V10_q0: 0.042973004672697844, V10_q1: 0.1374444542214989, V11_q0: 0.00017261299791656334,
  V11_q1: 0.00020825920023950618, Y0s_q0: -1.4429812039602228, Y0s_q1: -1.4521112780098218,
  Y1s_q0: -1.554291975814893, Y1s_q1: -1.4977247765746275, Z0s_q0: 0.0002149190808787694,
  Z0s_q1: 0.00019965085079404917, Z1s_q0: 1.2967933736127415e-05, Z1s_q1: 7.760984164718157e-06}
