{E0_q0: 0.7464258337286604, E0_q1: 0.7578213776093241, E1_q0: 0.5849735109705679,
  E1_q1: -2.633587736742449, U00_q0: -4.5497758694712775, U00_q1: -4.246774725702147,
  U10_q0: -0.012360541899934236, U10_q1: -0.6981658167543723, U11_q0: 6.114519546537068e-08,
  U11_q1: -2.5901593767952456e-06, V00_q0: 0.5549207537564045, V00_q1: 0.5100935838226177,
  V10_q0: -0.00018827219521300433, V10_q1: -0.10939857505746228, V11_q0: -0.0003735480175447535,
  V11_q1: 0.00011115717077323509, Y0s_q0: -1.5822423163022958, Y0s_q1: -1.5843414154888735,
  Y1s_q0: -1.5000522111976526, Y1s_q1: -1.5065773466866756, Z0s_q0: 0.00021310747877027652,
  Z0s_q1: 0.00020584003769719204, Z1s_q0: 2.4285216884505857e-05, Z1s_q1: -1.0804349657193111e-06}
