{E0_q0: 0.743292743191621, E0_q1: 0.7547362061155377, E1_q0: 0.46883887234457544,
  E1_q1: -2.5421446538144856, U00_q0: -4.597361676549292, U00_q1: -4.290535101933363,
  U10_q0: 0.023922020421763758, U10_q1: -0.24259665070270098, U11_q0: 1.9135620891836696e-07,
  U11_q1: 2.7348231059092706e-05, V00_q0: 0.5523442495028276, V00_q1: 0.5073509161394952,
  V10_q0: -0.0002441585337694286, V10_q1: -0.11297549338377351, V11_q0: -0.0006382200389070382,
  V11_q1: 0.0007110455973241903, Y0s_q0: -1.612996240190441, Y0s_q1: -1.6256967889302352,
  Y1s_q0: -1.4989966528906364, Y1s_q1: -1.500441717746642, Z0s_q0: 0.00021061614712064632,
  Z0s_q1: 0.00020329600876795433, Z1s_q0: 1.302507263230466e-05, Z1s_q1: -9.208094819746805e-07}
