{E0_q0: 0.7143582930768235, E0_q1: 0.735854790532775, E1_q0: -2.4427675661053034,
  E1_q1: -1.887493144968711, E2_q0: -0.36519262976975647, E2_q1: -0.6350858196293901,
  U00_q0: -5.384659520852867, U00_q1: -5.571908077561716, U10_q0: -0.5828938302826512,
  U10_q1: -0.281762983945889, U11_q0: -0.7535945503732012, U11_q1: 4.1773746280922195,
  U20_q0: -2.2080031245875897, U20_q1: -1.4258917019624286, U21_q0: 1.8211387846161848,
  U21_q1: 1.8578675423899331, U22_q0: -0.00025584346684998777, U22_q1: 6.821298009264503e-05,
  V00_q0: 0.9579278462032377, V00_q1: 0.7896932657691429, V10_q0: -0.11564934250430911,
  V10_q1: 0.022631725311902186, V11_q0: 0.6773513060001819, V11_q1: 1.3083466047856143,
  V20_q0: 0.31344233544087075, V20_q1: 0.14136264933056084, V21_q0: 1.1461993350554789,
  V21_q1: 1.0138105971473013, V22_q0: 0.00885666849305905, V22_q1: -0.0062773385141952735,
  Y0s_q0: -1.672916501542884, Y0s_q1: -1.5953673634295074, Y1s_q0: 0.19331167166093524,
  Y1s_q1: -0.5572223917959214, Y2s_q0: -0.04427550476518147, Y2s_q1: 0.00022141620159409552,
  Z0s_q0: 0.0001973148624749582, Z0s_q1: 0.00017999971930642562, Z1s_q0: -9.101134667319108e-05,
  Z1s_q1: -0.00010500659705709111, Z2s_q0: -0.0001074790506473295, Z2s_q1: 1.4628098036487685e-05}
