{E0_q0: 0.7251180435180472, E1_q0: -0.7000000000000001, E2_q0: -0.6999999999999997,
  E3_q0: -0.7, V00_q0: 1.2722829022837727, Z0s_q0: 0.00020726345954790297, Z1s_q0: 0.0,
  Z2s_q0: 0.0, Z3s_q0: 0.0}
