{E0_q0: 0.7414073232706426, E0_q1: 0.7670927330490567, E1_q0: -1.6775828374784914,
  E1_q1: -1.508547184396271, U00_q0: -4.312424551513598, U00_q1: -3.70684923750386,
  U10_q0: -3.0383033827016557, U10_q1: 1.2735528682268216, U11_q0: 0.3866022645039794,
  U11_q1: 0.24156172210689478, V00_q0: 0.565791770704564, V00_q1: 0.4730407673758382,
  V10_q0: 0.327244282705072, V10_q1: 0.3342260718109731, V11_q0: -0.1640942476959946,
  V11_q1: -0.01353629749214673, Y0s_q0: -1.4802879552082828, Y0s_q1: -1.4930940392879772,
  Y1s_q0: -1.5530199058035628, Y1s_q1: -1.5614195984523107, Z0s_q0: 0.0002164781577833772,
  Z0s_q1: 0.00020112421790928928, Z1s_q0: -1.387042331379823e-05, Z1s_q1: -1.0187272521517828e-05}
