{E0_q0: 0.7440255059988875, E0_q1: 0.7560356543976287, E1_q0: 0.06257152486870798,
  E1_q1: -0.7700017528318222, V00_q0: 0.6217500290089171, V00_q1: 0.5692197862060844,
  V10_q0: -0.0127546338342465, V10_q1: 0.2977365169147147, V11_q0: 0.0006051906697547257,
  V11_q1: 3.2200682379168636e-05, Z0s_q0: 0.0002120321753000575, Z0s_q1: 0.00020499181105872473,
  Z1s_q0: 3.7458322854017154e-05, Z1s_q1: -3.613738356430103e-07}
