{E0_q0: 0.7273587490100558, E0_q1: 0.7546120835997115, E1_q0: -1.6110031632299948,
  E1_q1: -1.2046270717877665, E2_q0: -2.5598548733126036, E2_q1: -0.3875050271256763,
  U00_q0: -4.813342461476309, U00_q1: -4.102643779926109, U10_q0: -2.959570082019789,
  U10_q1: 1.0751457066635806, U11_q0: 0.08334346145565037, U11_q1: -0.0032704158626148906,
  U20_q0: 2.8510230489745267, U20_q1: -0.17275777144560503, U21_q0: 0.3220687437864552,
  U21_q1: 0.05862811561758215, U22_q0: 0.06809084552560755, U22_q1: 0.0001272023933970409,
  V00_q0: 0.5948530097327681, V00_q1: 0.47099667834340464, V10_q0: -0.404810800176416,
  V10_q1: -0.05160745905740324, V11_q0: 0.1622486890986698, V11_q1: 0.13789926886941473,
  V20_q0: 0.3335159514686719, V20_q1: 0.14986347785251292, V21_q0: 0.31566967441565563,
  V21_q1: 0.11686577465792032, V22_q0: 0.13894581999782088, V22_q1: 0.001659101411373689,
  Y0s_q0: -1.501488890044747, Y0s_q1: -1.5023558589197348, Y1s_q0: 0.8907579278597193,
  Y1s_q1: -0.23520320782820375, Y2s_q0: -1.4480462627985498, Y2s_q1: 0.02150977591540808,
  Z0s_q0: 0.00020780515363831342, Z0s_q1: 0.00019437934340529796, Z1s_q0: 4.176805621238063e-05,
  Z1s_q1: -5.940340901167313e-05, Z2s_q0: 4.892940470315819e-05, Z2s_q1: 1.9054824607941596e-05}
