{E0_q0: 0.7359770734272855, E0_q1: 0.7624277692284507, E1_q0: -1.402404086818247,
  E1_q1: -0.7956226824412194, U00_q0: -4.414246865509585, U00_q1: -3.953103117283085,
  U10_q0: -0.15155561971783682, U10_q1: 0.08599273431851102, U11_q0: -0.30186449284069716,
  U11_q1: -0.09285551387514471, V00_q0: 0.5606827652633781, V00_q1: 0.46712187548107237,
  V10_q0: -0.0003765295724026586, V10_q1: -0.005365253872968005, V11_q0: 0.21154150961066992,
  V11_q1: -0.1966527396663182, Y0s_q0: -1.467913112796661, Y0s_q1: -1.4757649304009282,
  Y1s_q0: -1.5246590159019537, Y1s_q1: -1.4876025356977514, Z0s_q0: 0.00021359652091539492,
  Z0s_q1: 0.00019925724213202287, Z1s_q0: -3.571143399642978e-05, Z1s_q1: 3.435150056836111e-05}
