{E0_q0: 0.7514438537613104, E1_q0: -0.6999999999999998, E2_q0: -0.7000000000000003,
  E3_q0: -0.7, Y0s_q0: -1.5797310239759939, Y1s_q0: 0.0, Y2s_q0: 0.0, Y3s_q0: 0.0,
  Z0s_q0: 0.00021875171039788428, Z1s_q0: 0.0, Z2s_q0: 0.0, Z3s_q0: 0.0}
