{E0_q0: 0.7455223320790688, E0_q1: 0.7588105113368454, E1_q0: -3.721643507637935,
  E1_q1: -1.48629801817661, E2_q0: -1.403867529317334, E2_q1: -1.1447904207601198,
  U00_q0: -4.142836086934884, U00_q1: -4.375276349185372, U10_q0: -0.5082556111782703,
  U10_q1: 0.02951578617110683, U11_q0: -0.1366290186307553, U11_q1: 0.5260777820789604,
  U20_q0: -2.59770472043815, U20_q1: 2.2697715893497286, U21_q0: 4.868309682856737,
  U21_q1: 0.13569589501209658, U22_q0: -0.04124091386777043, U22_q1: 0.03173262704115991,
  V00_q0: 1.6003544728686747, V00_q1: 1.188826831914782, V10_q0: 0.29413174771432243,
  V10_q1: -0.11843403783443551, V11_q0: -0.3068531674226462, V11_q1: -0.34567045650400663,
  V20_q0: 0.16428447352314807, V20_q1: -0.14858963079538204, V21_q0: 1.0661677850440463,
  V21_q1: -0.9373191589591635, V22_q0: -0.12784015185336625, V22_q1: -0.7805005289828034,
  Y0s_q0: -1.8872033612272567, Y0s_q1: -1.7803104716872173, Y1s_q0: -0.38497845379409545,
  Y1s_q1: 0.5930831784721751, Y2s_q0: -0.7474888850823498, Y2s_q1: 0.04739020831322727,
  Z0s_q0: 0.0001976942599614714, Z0s_q1: 0.00020149669596927885, Z1s_q0: -7.124489992567089e-05,
  Z1s_q1: -5.7292183091635826e-05, Z2s_q0: -5.7925757892331364e-05, Z2s_q1: 2.5682721500778413e-05}
