{E0_q0: 0.7388421452676864, E0_q1: 0.7646238539722485, E1_q0: -2.0831142304308803,
  E1_q1: -0.9667541741594171, U00_q0: -4.309277540491117, U00_q1: -3.856231613231168,
  U10_q0: 0.2866630549845104, U10_q1: 0.01981371649319094, U11_q0: -0.10484779852461623,
  U11_q1: 0.1262580247138674, V00_q0: 0.5674951323178165, V00_q1: 0.4733976720629533,
  V10_q0: 0.08831192836146201, V10_q1: 0.10187787167831278, V11_q0: -0.03996762121584713,
  V11_q1: 0.04180219797105025, Y0s_q0: -1.4739035940336103, Y0s_q1: -1.485703704514495,
  Y1s_q0: -1.4991058746798724, Y1s_q1: -1.4953660977987118, Z0s_q0: 0.00021540128311653065,
  Z0s_q1: 0.00020018384996252939, Z1s_q0: -9.587903252503745e-06, Z1s_q1: -2.5357019042256024e-06}
