{E0_q0: 0.7359049129803915, E0_q1: 0.762064500536213, E1_q0: -0.878529300403008, E1_q1: -1.4498159516058686,
  E2_q0: -1.2687851158827024, E2_q1: -1.421130533180899, E3_q0: -1.2799644852513898,
  E3_q1: -1.352089353144009, U00_q0: -4.411269169492102, U00_q1: -3.999278068098157,
  U10_q0: -0.13087226896905285, U10_q1: 0.13239437102453913, U11_q0: 0.41496724325099366,
  U11_q1: 0.4194023588188458, U20_q0: 0.43561914922737444, U20_q1: 0.40220091986401924,
  U21_q0: 0.4147338682413155, U21_q1: 0.41508237741796045, U22_q0: 0.4146942741720021,
  U22_q1: 0.41469017199939984, U30_q0: 0.4124673146667062, U30_q1: 0.4216000538394285,
  U31_q0: 0.41374501557306087, U31_q1: 0.41402053639617176, U32_q0: 0.4146925560807299,
  U32_q1: 0.41469360361107116, U33_q0: 0.4146968331528643, U33_q1: 0.41472090955496393,
  V00_q0: 0.574324921194784, V00_q1: 0.4780392958613129, V10_q0: -0.025483126646123625,
  V10_q1: 0.003935729917686607, V11_q0: -0.06521377112320778, V11_q1: 0.02061387548193073,
  V20_q0: 0.05892534728309654, V20_q1: -0.011776260485647621, V21_q0: -0.012126063450385083,
  V21_q1: 0.049487726573848395, V22_q0: -5.01103299453287e-05, V22_q1: 0.004612393844025643,
  V30_q0: -0.04809012912039334, V30_q1: 0.01095697688288675, V31_q0: 0.026252145082328145,
  V31_q1: 0.02717521314180393, V32_q0: 0.002890341491067556, V32_q1: -0.006996619830145471,
  V33_q0: -0.0018373678823248982, V33_q1: -0.005980869430516043, Y0s_q0: -1.477334172905767,
  Y0s_q1: -1.4903964575945703, Y1s_q0: -1.8523169757559768, Y1s_q1: -1.4639613278266068,
  Y2s_q0: -1.5294603496185395, Y2s_q1: -1.7353083373941367, Y3s_q0: -2.0416380449593574,
  Y3s_q1: -2.0156762271014292, Z0s_q0: 0.00021932093196528121, Z0s_q1: 0.0002039596935427772,
  Z1s_q0: 3.0194784078528425e-05, Z1s_q1: 1.2827679665474303e-07, Z2s_q0: 4.0652754351786965e-05,
  Z2s_q1: 1.2503188532817229e-05, Z3s_q0: 4.164185990178464e-05, Z3s_q1: 5.738218913945768e-05}
