{E0_q0: 0.7307535740138988, E0_q1: 0.7379432434206614, E1_q0: -0.7, E1_q1: -1.1158457687047751,
  Z0s_q0: 0.00020832368534341147, Z0s_q1: 0.00019781760606751736, Z1s_q0: 4.18975607035754e-19,
  Z1s_q1: 5.511843883145499e-05}
