{E0_q0: 0.7319224236026655, E0_q1: 0.7435363462164115, E1_q0: -0.8395521050813812,
  E1_q1: -0.8500343873355124, V00_q0: 0.628712167169016, V00_q1: 0.5752070184567847,
  V10_q0: -0.027676832232513535, V10_q1: 0.009894184769618486, V11_q0: 0.40709577863825175,
  V11_q1: 0.25187898886953164, Y0s_q0: -1.5847501760136955, Y0s_q1: -1.59483036898597,
  Y1s_q0: -1.5032219188075542, Y1s_q1: -1.4442247785759115, Z0s_q0: 0.0002023850507834194,
  Z0s_q1: 0.00019540078100587662, Z1s_q0: 0.00010646091528499257, Z1s_q1: -0.00010345016960744645}
