{E0_q0: 0.7356757158337177, E0_q1: 0.7613472329892528, E1_q0: 0.6815081434358553,
  E1_q1: -2.840301945205061, U00_q0: -4.389078111160247, U00_q1: -4.035169018744564,
  U10_q0: 0.3541313632775001, U10_q1: 1.1285954508360574, U11_q0: -6.280211814446925e-09,
  U11_q1: -0.008109710847336322, V00_q0: 0.5548849316737007, V00_q1: 0.4578084067204241,
  V10_q0: -0.006773893324621835, V10_q1: 0.12855901807700293, V11_q0: 2.2850546339999398e-05,
  V11_q1: -0.06396315334743694, Y0s_q0: -1.4802565579602822, Y0s_q1: -1.4903339812142125,
  Y1s_q0: -1.4902125477431527, Y1s_q1: -1.4784035393023673, Z0s_q0: 0.00021461717971085745,
  Z0s_q1: 0.0001989643069590797, Z1s_q0: -6.955249277679042e-05, Z1s_q1: 1.049583392669433e-05}
