{E0_q0: 0.7500735862883313, E0_q1: 0.761411938903954, E1_q0: -0.6999999999999998,
  E1_q1: -0.8000000000000003, V00_q0: 1.1051298125669338, V00_q1: 1.0289365811080442,
  V10_q0: 0.0, V10_q1: 0.0, V11_q0: 0.0, V11_q1: 0.0, Y0s_q0: -1.570195377057763,
  Y0s_q1: -1.574751764379375, Y1s_q0: -7.974342093384919e-17, Y1s_q1: 4.437468139428563e-17,
  Z0s_q0: 0.00021120678104348965, Z0s_q1: 0.00020405705237891685, Z1s_q0: 0.0, Z1s_q1: 0.0}
