{E0_q0: 0.7434034898480639, E0_q1: 0.7548414826290655, E1_q0: -0.7000000000000001,
  E1_q1: -0.8, Y0s_q0: -1.6495475044999623, Y0s_q1: -1.6642154189788751, Y1s_q0: 2.2360239028057794e-16,
  Y1s_q1: 0.0, Z0s_q0: 0.00021087314857142563, Z0s_q1: 0.00020341266517510717, Z1s_q0: 0.0,
  Z1s_q1: 0.0}
