{E0_q0: 0.7547310316973436, E0_q1: 0.7660023835730567, E1_q0: -0.6999999999999998,
  E1_q1: -0.8000000000000003, V00_q0: 1.196604739868499, V00_q1: 1.0969070348137657,
  V10_q0: 0.0, V10_q1: 0.0, V11_q0: 0.0, V11_q1: 0.0, Y0s_q0: -1.6884118415963725,
  Y0s_q1: -1.6906131864624123, Y1s_q0: -6.393944505038917e-17, Y1s_q1: 0.0, Z0s_q0: 0.00021341986049039713,
  Z0s_q1: 0.0002058018371797542, Z1s_q0: 0.0, Z1s_q1: 0.0}
