{E0_q0: 0.7438898875002166, E0_q1: 0.7553218204503175, E1_q0: 0.48961649160115756,
  E1_q1: -2.7104433761826696, U00_q0: -4.469211767804278, U00_q1: -4.170649030888013,
  U10_q0: -0.012470245967102542, U10_q1: -0.5700933916735438, U11_q0: 1.523399075391087e-07,
  U11_q1: -3.2674506355130858e-06, V00_q0: 0.5524525084704405, V00_q1: 0.5084614854682201,
  V10_q0: 0.00028586344078472965, V10_q1: 0.1129399967778626, V11_q0: -0.0005817918439140576,
  V11_q1: -0.0012879290851436091, Y0s_q0: -1.585303747875228, Y0s_q1: -1.5930381169812982,
  Y1s_q0: -1.499669490650239, Y1s_q1: -1.5047931129244152, Z0s_q0: 0.00021085436759577756,
  Z0s_q1: 0.00020363146743371884, Z1s_q0: -1.4861072371983249e-05, Z1s_q1: 1.0621771580004048e-06}
