{E0_q0: 0.7316238639811884, E0_q1: 0.7377653966605655, E1_q0: -1.0023908242796074,
  E1_q1: -1.273775018892873, V00_q0: 0.6192341698380129, V00_q1: 0.576382667744646,
  V10_q0: -0.007253665888109468, V10_q1: -0.028186609512529534, V11_q0: 0.45280655002358766,
  V11_q1: 0.0994085806701209, Z0s_q0: 0.00020309307220849935, Z0s_q1: 0.00019001407486286982,
  Z1s_q0: 0.00010347335780185472, Z1s_q1: -0.00010811817166265506}
