{E0_q0: 0.7238170734667325, E0_q1: 0.7357171230757981, E1_q0: -1.5950855768144914,
  E1_q1: -1.6023825366182685, U00_q0: -4.378771196567855, U00_q1: -3.8570167787814205,
  U10_q0: -5.724636830014666, U10_q1: 2.7292774838672043, U11_q0: 0.19884285874839136,
  U11_q1: -0.19984129135461132, V00_q0: 0.6268166312298351, V00_q1: 0.578968627282983,
  V10_q0: 0.028093368850010517, V10_q1: 0.02793972263718472, V11_q0: -0.014030415817119012,
  V11_q1: -0.012422975593365729, Y0s_q0: -1.6093345834582213, Y0s_q1: -1.619748427494055,
  Y1s_q0: -1.4998232129470899, Y1s_q1: -1.501363332982311, Z0s_q0: 0.00018949967410996399,
  Z0s_q1: 0.00018306805352225614, Z1s_q0: -0.00011077707979283995, Z1s_q1: -0.00010709232885823936}
