{E0_q0: 0.729267262617824, E0_q1: 0.7558028805919716, E1_q0: -0.7088364374038002,
  E1_q1: -0.6914869795149063, E2_q0: -0.6851897768333325, E2_q1: -0.7999968612851359,
  E3_q0: -0.7000000000009496, E3_q1: -0.7999999999999965, U00_q0: -4.396184430902417,
  U00_q1: -3.9959555905630135, U10_q0: 0.03697157648972395, U10_q1: -0.190357325008039,
  U11_q0: 0.015198284574393846, U11_q1: 0.00038330513405671426, U20_q0: 0.2667783492446117,
  U20_q1: -0.015031597547418493, U21_q0: 0.0001808441998502311, U21_q1: -0.000170817457895092,
  U22_q0: 4.764446485922733e-10, U22_q1: -2.332299741705902e-13, U30_q0: -2.923718371086361e-16,
  U30_q1: -9.412200833493718e-20, U31_q0: -9.321015483360131e-16, U31_q1: -2.9273070542773087e-19,
  U32_q0: 1.0598426199687237e-16, U32_q1: 7.718341491157713e-20, U33_q0: 1.6285536239285064e-16,
  U33_q1: -2.0128891471344447e-34, V00_q0: 0.5720268486406579, V00_q1: 0.4762915082620965,
  V10_q0: 0.0006591549459710287, V10_q1: 0.004702667880618562, V11_q0: 0.040278834925597425,
  V11_q1: -0.0008812011415902678, V20_q0: 0.09689965608517022, V20_q1: 0.004776746099055022,
  V21_q0: 0.002889592156454271, V21_q1: 0.0016964337627679259, V22_q0: 7.839464453899317e-06,
  V22_q1: -2.5646330294025375e-08, V30_q0: 1.3174759642362055e-16, V30_q1: 3.8026980291876544e-17,
  V31_q0: 1.384780551011348e-15, V31_q1: 5.222703673770014e-17, V32_q0: 3.885016334269645e-16,
  V32_q1: -2.586813887762197e-17, V33_q0: 5.74645849211056e-16, V33_q1: 7.27637078407874e-18,
  Y0s_q0: -1.4495290372347356, Y0s_q1: -1.4593362871715057, Y1s_q0: -2.102717496296616,
  Y1s_q1: -2.2311259583654444, Y2s_q0: -1.5216154942570936, Y2s_q1: -1.500038617816054,
  Y3s_q0: -1.4999999999999984, Y3s_q1: -1.5, Z0s_q0: 0.00020909575229409422, Z0s_q1: 0.00019474936957583866,
  Z1s_q0: 0.00011653050417832108, Z1s_q1: 0.00010733191437936757, Z2s_q0: 9.478431831063756e-06,
  Z2s_q1: -3.8666478780071475e-07, Z3s_q0: -1.9530754465998424e-21, Z3s_q1: -2.2106696289313924e-20}
