{E0_q0: 0.7411175868144615, E1_q0: -0.7000000000000003, E2_q0: -0.7, E3_q0: -0.7000000000000002,
  V00_q0: 1.2798744312183645, Y0s_q0: -1.61149588900158, Y1s_q0: 0.0, Y2s_q0: 0.0,
  Y3s_q0: 0.0, Z0s_q0: 0.00021563053770668866, Z1s_q0: 0.0, Z2s_q0: 0.0, Z3s_q0: 0.0}
