{E0_q0: 0.7395928663583475, E0_q1: 0.7658595089460773, E1_q0: -1.8373093147533948,
  E1_q1: -1.8176603860424796, U00_q0: -4.073095413293112, U00_q1: -3.563071843704449,
  U10_q0: -0.1855700359899523, U10_q1: -0.2590934891700987, U11_q0: 0.9755166984624386,
  U11_q1: -1.9322653581101397, V00_q0: 1.1174447737833477, V00_q1: 0.943015383141743,
  V10_q0: -0.00815493068566733, V10_q1: -0.010185738876599675, V11_q0: -0.3057234386159602,
  V11_q1: -0.3051162695808455, Y0s_q0: -1.6534892937899939, Y0s_q1: -1.6570893189177232,
  Y1s_q0: 0.0031889723585871474, Y1s_q1: -0.16634082360725547, Z0s_q0: 0.00020701607484759188,
  Z0s_q1: 0.00019196698763919258, Z1s_q0: 7.931434724075683e-05, Z1s_q1: 7.548331444425074e-05}
