{E0_q0: 0.7587552635544297, E0_q1: 0.7699671823598969, E1_q0: -0.7000000000000006,
  E1_q1: -0.8000000000000006, V00_q0: 1.1419971526754675, V00_q1: 1.0564291975885383,
  V10_q0: 0.0, V10_q1: 0.0, V11_q0: 0.0, V11_q1: 0.0, Y0s_q0: -1.695157877175315,
  Y0s_q1: -1.6983087902419958, Y1s_q0: 4.069504644840436e-16, Y1s_q1: 0.0, Z0s_q0: 0.00021589483726786754,
  Z0s_q1: 0.0002081785558622769, Z1s_q0: 0.0, Z1s_q1: 0.0}
