{E0_q0: 0.7483853442789122, E0_q1: 0.7737170384210064, E1_q0: -0.7592736945540781,
  E1_q1: -3.3603761100032323, U00_q0: -4.319728389783637, U00_q1: -3.83813776219222,
  U10_q0: 0.10693313078857428, U10_q1: 0.5745035146686337, U11_q0: 1.558161737234835e-11,
  U11_q1: -5.758095167083564e-05, V00_q0: 1.0434775680648836, V00_q1: 0.8610057864593004,
  V10_q0: 0.5786010696052118, V10_q1: -0.5317251367232368, V11_q0: -7.220617315815739e-06,
  V11_q1: -0.010274629395590427, Y0s_q0: -1.4980364305397285, Y0s_q1: -1.5070730865726645,
  Y1s_q0: 0.01716714106842965, Y1s_q1: 0.05883182803872815, Z0s_q0: 0.00021614867282991813,
  Z0s_q1: 0.0002005239269609588, Z1s_q0: 6.508549745044648e-08, Z1s_q1: -6.7234208168056384e-06}
