{E0_q0: 0.737307700954546, E1_q0: -0.6999999999999998, E2_q0: -0.7000000000000004,
  E3_q0: -0.7, Y0s_q0: -1.3828267319905683, Y1s_q0: 0.0, Y2s_q0: 0.0, Y3s_q0: 0.0,
  Z0s_q0: 0.0002136064114600484, Z1s_q0: 0.0, Z2s_q0: 0.0, Z3s_q0: 0.0}
