{E0_q0: 0.7415158171888496, E0_q1: 0.7529834400257225, E1_q0: -1.3174066427549125,
  E1_q1: -1.3627128619213014, Y0s_q0: -1.5705191609580649, Y0s_q1: -1.5769456902243841,
  Y1s_q0: -1.486385958053886, Y1s_q1: -1.5174036531465556, Z0s_q0: 0.00021464755197074637,
  Z0s_q1: 0.00020734157425805657, Z1s_q0: 9.612580876105906e-07, Z1s_q1: -1.1972170917188159e-08}
