{E0_q0: 0.7281173373768631, E0_q1: 0.7332788509868081, E1_q0: -0.6999999924386408,
  E1_q1: -1.1278797165191483, Z0s_q0: 0.00020596235297727303, Z0s_q1: 0.0001932736637841969,
  Z1s_q0: 1.8931186118782282e-11, Z1s_q1: 7.041943496415954e-05}
