{E0_q0: 0.6913545694704627, E0_q1: 0.7035474077601981, E1_q0: -0.17751445485077588,
  E1_q1: -0.798692970592133, U00_q0: -6.259497497404343, U00_q1: -5.1446036788154705,
  U10_q0: -0.10349330109364184, U10_q1: 0.00010136979127320283, U11_q0: 1.4814882557386844e-08,
  U11_q1: -1.5923473242933584e-08, V00_q0: 0.6076297266838154, V00_q1: 0.5469041945323676,
  V10_q0: -0.016902400679675605, V10_q1: 0.005466142469771976, V11_q0: -6.723126540840468e-05,
  V11_q1: 7.918382326737752e-05, Y0s_q0: -1.8703585129179277, Y0s_q1: -2.198134517501978,
  Y1s_q0: -1.5010387670606768, Y1s_q1: -1.4999916095813093, Z0s_q0: -7.413826260263526e-06,
  Z0s_q1: -7.1582119333898e-06, Z1s_q0: -2.7150495871977176e-06, Z1s_q1: -2.9074652972683445e-08}
