{E0_q0: 0.7351235732050521, E0_q1: 0.7608331589454956, E1_q0: 0.3270292091588923,
  E1_q1: -2.5598312673646433, U00_q0: -4.413895597387807, U00_q1: -4.082519305596591,
  U10_q0: 0.14079459343408068, U10_q1: 1.006472353178804, U11_q0: 1.2591754897505364e-11,
  U11_q1: -0.0003208930207702966, V00_q0: 0.5742675803604131, V00_q1: 0.4741461348964927,
  V10_q0: -0.26174299403497986, V10_q1: 0.1318652484469008, V11_q0: 3.1695394317203167e-06,
  V11_q1: -0.01079527792214979, Y0s_q0: -1.4717015297380396, Y0s_q1: -1.4810624182661967,
  Y1s_q0: -1.497574400742076, Y1s_q1: -1.4896830222084037, Z0s_q0: 0.00021488730894989958,
  Z0s_q1: 0.00019936570598612813, Z1s_q0: -1.4800133594845862e-06, Z1s_q1: 8.692544325564825e-06}
