{E0_q0: 0.7337700858597095, E0_q1: 0.7576404565259105, E1_q0: -0.7043988978934856,
  E1_q1: -1.3013725332891528, U00_q0: -4.333889113347996, U00_q1: -3.959812870892551,
  U10_q0: 0.5439867262887952, U10_q1: 0.01986991340324189, U11_q0: -3.0247304872425923e-05,
  U11_q1: -0.004662802692735893, V00_q0: 0.566112513496799, V00_q1: 0.4684449012753828,
  V10_q0: 0.04769210970845832, V10_q1: 0.0834348587374192, V11_q0: -0.0019161122753003671,
  V11_q1: 0.012844521499511666, Y0s_q0: -1.4424376961982814, Y0s_q1: -1.4520001061734737,
  Y1s_q0: -1.5480431321497208, Y1s_q1: -1.636084233354745, Z0s_q0: 0.00021399060827770016,
  Z0s_q1: 0.00019690648751579607, Z1s_q0: 2.57975164983668e-05, Z1s_q1: 4.14113935146096e-05}
