{E0_q0: 0.7559627313964538, E0_q1: 0.7810080827349206, E1_q0: 0.5252776695823761,
  E1_q1: -2.7512311058907932, U00_q0: -4.35809767946683, U00_q1: -3.993269234398572,
  U10_q0: 0.05456340526536335, U10_q1: 1.074865601917934, U11_q0: 1.365035939633364e-06,
  U11_q1: -0.009860951193544189, V00_q0: 0.5874827752149503, V00_q1: 0.4869488650557757,
  V10_q0: -0.003956884828350615, V10_q1: 0.1430782424360253, V11_q0: 0.00031457477215054893,
  V11_q1: -0.07045272957787294, Y0s_q0: -1.5058516630203513, Y0s_q1: -1.5189161075199225,
  Y1s_q0: -1.3636010217410837, Y1s_q1: -1.510616055166065, Z0s_q0: 0.00022673430452766066,
  Z0s_q1: 0.00021028547300887824, Z1s_q0: -3.9264395839526564e-05, Z1s_q1: 8.311712670471069e-06}
