{E0_q0: 0.7507622223576599, E0_q1: 0.7620894254153274, E1_q0: -0.7000000000000002,
  E1_q1: -0.7999999999999999, V00_q0: 1.1345907973609373, V00_q1: 1.05921250221756,
  V10_q0: 0.0, V10_q1: 0.0, V11_q0: 0.0, V11_q1: 0.0, Y0s_q0: -1.577101167111226,
  Y0s_q1: -1.5805689584787155, Y1s_q0: 2.241359996116453e-16, Y1s_q1: -1.464334793766053e-16,
  Z0s_q0: 0.0002125119045556685, Z0s_q1: 0.0002052976489628757, Z1s_q0: 0.0, Z1s_q1: 0.0}
