{E0_q0: 0.7786405604609699, E0_q1: 0.7895665882082354, E1_q0: -0.6539140707374717,
  E1_q1: 0.7948344135928227, U00_q0: -4.205698092883676, U00_q1: -3.9333062674974464,
  U10_q0: -1.4825818494428098, U10_q1: -0.26352293000537974, U11_q0: -1.843332375154804e-10,
  U11_q1: 3.282103961354566e-07, V00_q0: 0.519337018932328, V00_q1: 0.4807982488727545,
  V10_q0: 0.37280435431126246, V10_q1: -0.010028200225264315, V11_q0: 3.116468612995832e-05,
  V11_q1: 0.0005921780660217315, Y0s_q0: -1.6401319054879497, Y0s_q1: -1.6389747754460242,
  Y1s_q0: -1.4477091627761247, Y1s_q1: -1.4981879829219928, Z0s_q0: 0.00021827912873626597,
  Z0s_q1: 0.0002107584798904008, Z1s_q0: -8.536208450807473e-08, Z1s_q1: 3.6718517397592667e-06}
