{E0_q0: 0.7331337813465976, E0_q1: 0.7549439828130349, E1_q0: -0.6205300184420685,
  E1_q1: -1.391584944344129, E2_q0: -1.432953654497294, E2_q1: -0.9012791130269974,
  E3_q0: -0.6999999999681009, E3_q1: -0.8000000000000032, U00_q0: -4.581668468049203,
  U00_q1: -4.192052338645343, U10_q0: -2.5951302042798803, U10_q1: 0.26654464963155655,
  U11_q0: 0.0019106847177547891, U11_q1: 0.02219121085700675, U20_q0: 2.355128091678099,
  U20_q1: 0.8229877443240929, U21_q0: 0.0010992089300049547, U21_q1: 0.002020548110175968,
  U22_q0: 2.2755615779897415e-05, U22_q1: 7.084055256081105e-06, U30_q0: 2.7387889316620667e-17,
  U30_q1: -7.652868587754349e-33, U31_q0: 3.79634255882256e-15, U31_q1: -2.7403460581778065e-33,
  U32_q0: -1.2712553978067733e-15, U32_q1: -2.7675874981439867e-34, U33_q0: -9.776290579029792e-17,
  U33_q1: 2.4317666488427518e-48, V00_q0: 0.5835926847082907, V00_q1: 0.4764620238474885,
  V10_q0: 0.21804045621357407, V10_q1: -0.039504050635264465, V11_q0: 0.029462428445603924,
  V11_q1: -0.06075357312760857, V20_q0: 0.3476055456879536, V20_q1: -0.17286471077308382,
  V21_q0: -0.020234614777616948, V21_q1: 0.010565222022357056, V22_q0: 0.0031942853115525635,
  V22_q1: 0.001738982509365467, V30_q0: -5.687725636509172e-17, V30_q1: -9.003140602628506e-17,
  V31_q0: -5.937031579942354e-17, V31_q1: 1.1344389470052564e-16, V32_q0: -6.427944046485984e-17,
  V32_q1: 9.530940210278529e-17, V33_q0: 1.5261271656597896e-16, V33_q1: -4.1992567352416776e-17,
  Y0s_q0: -1.4730237395466343, Y0s_q1: -1.477138728170593, Y1s_q0: -0.9767043034460913,
  Y1s_q1: -1.568929485938859, Y2s_q0: -1.9020026421450753, Y2s_q1: -1.463866589886928,
  Y3s_q0: -1.4999999999999998, Y3s_q1: -1.5, Z0s_q0: 0.00021417449263673314, Z0s_q1: 0.00019472239163400686,
  Z1s_q0: -4.096163975216878e-05, Z1s_q1: -5.7246999431013244e-05, Z2s_q0: 3.2251693030702216e-05,
  Z2s_q1: -1.814351718777793e-05, Z3s_q0: 6.2413122457660455e-21, Z3s_q1: -1.5302656139105002e-21}
