{E0_q0: 0.7534696935879176, E0_q1: 0.7647545986706287, E1_q0: -0.6999999999999998,
  E1_q1: -0.8000000000000003, V00_q0: 1.2285126082778486, V00_q1: 1.138728974323982,
  V10_q0: 0.0, V10_q1: 0.0, V11_q0: 0.0, V11_q1: 0.0, Y0s_q0: -1.6362181240919176,
  Y0s_q1: -1.6435883932883568, Y1s_q0: 1.0282785855742906e-16, Y1s_q1: -6.501766008116218e-16,
  Z0s_q0: 0.0002133637898956361, Z0s_q1: 0.0002059145373684052, Z1s_q0: 0.0, Z1s_q1: 0.0}
