{E0_q0: 0.7344328749147384, E0_q1: 0.7602474644641382, E1_q0: -0.7000000000000003,
  E1_q1: -0.8000000000000003, E2_q0: -0.7, E2_q1: -0.7999999999999998, Y0s_q0: -1.4411569817813452,
  Y0s_q1: -1.4518094772849481, Y1s_q0: 0.0, Y1s_q1: 0.0, Y2s_q0: 0.0, Y2s_q1: 0.0,
  Z0s_q0: 0.000214037404051618, Z0s_q1: 0.0001989677561385396, Z1s_q0: 0.0, Z1s_q1: 0.0,
  Z2s_q0: 0.0, Z2s_q1: 0.0}
