{E0_q0: 0.7476002132673516, E0_q1: 0.7730715233308363, E1_q0: -1.9725443499887412,
  E1_q1: -0.8814550519224942, U00_q0: -4.123766154386433, U00_q1: -3.7110457722286965,
  U10_q0: -0.361599292283242, U10_q1: 0.14544688668157077, U11_q0: 0.3652135685268942,
  U11_q1: -0.01476437027219116, V00_q0: 0.553572989969312, V00_q1: 0.4651933454086185,
  V10_q0: 0.09335250506922375, V10_q1: 0.10646548577900561, V11_q0: -0.013859737978880014,
  V11_q1: 0.050016301980182504, Y0s_q0: -1.4881342326010887, Y0s_q1: -1.4989541993392825,
  Y1s_q0: -1.4835440467846281, Y1s_q1: -1.497832262936099, Z0s_q0: 0.00022099474327491543,
  Z0s_q1: 0.00020531708802153263, Z1s_q0: -8.941587897490848e-06, Z1s_q1: -2.6895931736547024e-06}
