{E0_q0: 0.7351335802316965, E0_q1: 0.7610849957245839, E1_q0: -1.8854967819211863,
  E1_q1: -0.9249495956529198, U00_q0: -4.3054923229746525, U00_q1: -3.8398331533195487,
  U10_q0: -0.3828935123974721, U10_q1: 0.8389079073300298, U11_q0: 0.07658400738395896,
  U11_q1: 0.05609243274618405, V00_q0: 0.5894973020879567, V00_q1: 0.492065183600434,
  V10_q0: 0.07693507607995068, V10_q1: 0.08442541323446744, V11_q0: 0.053092768928239206,
  V11_q1: -0.005608585102238729, Y0s_q0: -1.4716613950780086, Y0s_q1: -1.4846039498604495,
  Y1s_q0: -1.4861377691056128, Y1s_q1: -1.498300297029402, Z0s_q0: 0.00021243042653552562,
  Z0s_q1: 0.00019744254380564427, Z1s_q0: -1.0985614330445215e-05, Z1s_q1: -3.766078092278342e-06}
