{E0_q0: 0.7345834054366733, E0_q1: 0.7461593921580149, E1_q0: -0.5572151819739088,
  E1_q1: -0.5663876677192831, V00_q0: 0.6222754090184988, V00_q1: 0.5691168263695623,
  V10_q0: 0.023243671858842924, V10_q1: -0.013139112060851058, V11_q0: 0.130280083887713,
  V11_q1: 0.07172895175565175, Y0s_q0: -1.5865537290669025, Y0s_q1: -1.593793595168622,
  Y1s_q0: -1.4804240239904127, Y1s_q1: -1.4508912831109035, Z0s_q0: 0.00020481213871450252,
  Z0s_q1: 0.0001977574837668395, Z1s_q0: -0.00010439426133748188, Z1s_q1: 0.00010150077768774888}
