{E0_q0: 0.7154040690343545, E0_q1: 0.7425055227712268, E1_q0: -1.727434004013629,
  E1_q1: -1.7490010853408615, U00_q0: -4.547381596996362, U00_q1: -4.3707650353541725,
  U10_q0: 0.004998492459327433, U10_q1: 0.29960528216597293, U11_q0: -1.2007332467242262,
  U11_q1: 2.9325055773302227, V00_q0: 1.0865050931024156, V00_q1: 0.893950026743022,
  V10_q0: 0.0005139695769052635, V10_q1: 0.0014733121214412156, V11_q0: 0.89088839871811,
  V11_q1: -0.9279530087173377, Y0s_q0: -1.604405228806116, Y0s_q1: -1.643471298240881,
  Y1s_q0: -1.3371490621755981, Y1s_q1: -1.288438217690587, Z0s_q0: 0.00017565306887897932,
  Z0s_q1: 0.00016285589286698691, Z1s_q0: 0.00014716279569994915, Z1s_q1: -0.0001373086460862479}
