{E0_q0: 0.7315871966411415, E0_q1: 0.7566701190123193, E1_q0: -0.7376839668815952,
  E1_q1: -0.7312947333940504, U00_q0: -4.349376625348213, U00_q1: -3.939750447223832,
  U10_q0: 0.6147510878575865, U10_q1: 0.0357182122670477, U11_q0: -0.001452654493947387,
  U11_q1: -0.016161142773448534, V00_q0: 0.5814704144979778, V00_q1: 0.4839409295996202,
  V10_q0: 0.017085828247251, V10_q1: 0.02584445076362908, V11_q0: -0.0079209846401682,
  V11_q1: 0.04143973715051701, Y0s_q0: -1.4340010500812637, Y0s_q1: -1.4491622773713475,
  Y1s_q0: -2.428088245291452, Y1s_q1: -2.2729931244605686, Z0s_q0: 0.0002104081478193037,
  Z0s_q1: 0.00019494656830579605, Z1s_q0: 0.00010901481604804339, Z1s_q1: 0.00010606905041440018}
