{E0_q0: 0.7282587137398566, E0_q1: 0.7519681036298825, E1_q0: -0.6988124013482709,
  E1_q1: -0.8000190115340955, Z0s_q0: 0.00021470017205099933, Z0s_q1: 0.00019859105639218245,
  Z1s_q0: -3.1111826216942666e-09, Z1s_q1: 1.1374609463623656e-08}
