{E0_q0: 0.7381867072270181, E0_q1: 0.7497115109452412, E1_q0: -0.36903903691310014,
  E1_q1: -4.4124076531657845, V00_q0: 0.6176348483525442, V00_q1: 0.5604377841098429,
  V10_q0: -0.02075662422816596, V10_q1: 1.0671306306635708, V11_q0: 0.0009159954895530087,
  V11_q1: 0.08056259605674225, Y0s_q0: -1.5743606388607103, Y0s_q1: -1.5820736187744866,
  Y1s_q0: -1.6185470362220618, Y1s_q1: -1.486712841765813, Z0s_q0: 0.0002187946022241008,
  Z0s_q1: 0.00021131959793711767, Z1s_q0: 4.150487497010864e-06, Z1s_q1: 8.158603998572824e-07}
