{E0_q0: 0.7404250485579953, E0_q1: 0.7519637941483072, E1_q0: -1.3877414802067995,
  E1_q1: -1.3708997111667613, E2_q0: -0.9569536652100459, E2_q1: -1.0164492965337313,
  U00_q0: -4.406252353664077, U00_q1: -3.8559466268888762, U10_q0: -2.212531390039431,
  U10_q1: -0.8302219581487651, U11_q0: -0.10980386806632307, U11_q1: -0.23558087823353285,
  U20_q0: 3.4774040039071954, U20_q1: 0.3572726955558993, U21_q0: 0.1308511689671149,
  U21_q1: 0.2281164294458296, U22_q0: -0.0004675965737311726, U22_q1: 2.5249144294218447e-06,
  V00_q0: 1.3559963190450246, V00_q1: 1.2542962907665942, V10_q0: 0.5685806411393799,
  V10_q1: 0.5998119481938744, V11_q0: -0.3470405784906199, V11_q1: 0.2692487574311382,
  V20_q0: 0.6450857408749796, V20_q1: 0.7359816068375702, V21_q0: -0.2953348778109569,
  V21_q1: 0.3687025337008401, V22_q0: -0.018067684146736204, V22_q1: -3.206536616232086e-05,
  Y0s_q0: -1.6943829109704385, Y0s_q1: -1.7235285439495338, Y1s_q0: -0.22794454199713565,
  Y1s_q1: 0.9166245344518812, Y2s_q0: -0.5067735654370323, Y2s_q1: 0.10364138689743252,
  Z0s_q0: 0.00021001374387514076, Z0s_q1: 0.00020248173700164796, Z1s_q0: -5.2227569414048824e-05,
  Z1s_q1: -5.238691230938474e-05, Z2s_q0: 5.147691440983793e-05, Z2s_q1: 4.958567978492866e-05}
