{E0_q0: 0.7249167381045644, E0_q1: 0.7516561178810444, E1_q0: -1.729993152366599,
  E1_q1: -1.7477304884107259, U00_q0: -3.9755145974612818, U00_q1: -3.7556057447157136,
  U10_q0: 0.1361425274916788, U10_q1: -0.5815467870731416, U11_q0: 2.374691566292604,
  U11_q1: -7.2280484639438285, V00_q0: 1.1886842196713363, V00_q1: 1.0009620852033214,
  V10_q0: 0.0018954078761346496, V10_q1: -0.00163990237568523, V11_q0: -0.7266899016608281,
  V11_q1: 0.6551464995018986, Y0s_q0: -1.6881340511807026, Y0s_q1: -1.707822674169429,
  Y1s_q0: -0.9498759169703219, Y1s_q1: -0.95523324156686, Z0s_q0: 0.0001854967953662958,
  Z0s_q1: 0.00017152287969755776, Z1s_q0: 0.00013261135049517502, Z1s_q1: -0.00012524792610107003}
