{E0_q0: 0.7470187654381399, E1_q0: -0.6999999999999997, E2_q0: -0.6999999999999996,
  E3_q0: -0.6999999999999995, V00_q0: 1.3150163227787819, Y0s_q0: -1.7187457743545462,
  Y1s_q0: 0.0, Y2s_q0: 0.0, Y3s_q0: 0.0, Z0s_q0: 0.00021254705914666375, Z1s_q0: 0.0,
  Z2s_q0: 0.0, Z3s_q0: 0.0}
