{E0_q0: 0.768671794867663, E0_q1: 0.7797359712924635, E1_q0: 1.7897422641286749, E1_q1: -3.7378801226793774,
  U00_q0: -5.090030470508404, U00_q1: -4.794572803275288, U10_q0: -0.0911949446888995,
  U10_q1: -1.0646286897380162, U11_q0: 2.617156052967583e-10, U11_q1: -6.751065510428197e-11,
  V00_q0: 0.5118029313047441, V00_q1: 0.46531593494039275, V10_q0: -0.04830334997268391,
  V10_q1: -0.21194031035331937, V11_q0: 1.116271193199859e-11, V11_q1: -3.3047621697861565e-09,
  Y0s_q0: -1.6163946992634424, Y0s_q1: -1.6197826023577695, Y1s_q0: -1.500927637664569,
  Y1s_q1: -1.5197353378185197, Z0s_q0: 0.00021508640152778465, Z0s_q1: 0.00020770909060095487,
  Z1s_q0: 8.94991902403784e-06, Z1s_q1: -1.5288494787120942e-06}
