{E0_q0: 0.7221700315655079, E0_q1: 0.7339550308426477, E1_q0: -0.8171259280323084,
  E1_q1: -0.8000000000000005, E2_q0: -0.8171426824864911, E2_q1: -0.8000000000000004,
  E3_q0: -0.7, E3_q1: -0.8, Y0s_q0: -1.4875531446268044, Y0s_q1: -1.496806535532325,
  Y1s_q0: -5.581291872062862e-07, Y1s_q1: 0.0, Y2s_q0: -0.007188880924903156, Y2s_q1: 0.0,
  Y3s_q0: 0.0, Y3s_q1: 0.0, Z0s_q0: 0.00021004152654657788, Z0s_q1: 0.00020310768195776644,
  Z1s_q0: -6.855834580142032e-08, Z1s_q1: 0.0, Z2s_q0: 3.715550754856229e-05, Z2s_q1: 0.0,
  Z3s_q0: 1.6009057062996388e-21, Z3s_q1: 0.0}
