{E0_q0: 0.7448136770125364, E0_q1: 0.7562331038801948, E1_q0: -0.7, E1_q1: -0.8000000000000004,
  Y0s_q0: -1.6263759560350155, Y0s_q1: -1.6306487161779137, Y1s_q0: 1.561385265035449e-16,
  Y1s_q1: 0.0, Z0s_q0: 0.0002170240069517862, Z0s_q1: 0.0002094558459706223, Z1s_q0: 0.0,
  Z1s_q1: 0.0}
