{E0_q0: 0.7322599973123028, E0_q1: 0.7385227357803242, E1_q0: -1.0298898410506792,
  E1_q1: -2.28465603769631, V00_q0: 1.0013240276792479, V00_q1: 0.8595433084627545,
  V10_q0: -0.03913275789421127, V10_q1: 0.6470420001930813, V11_q0: -0.006946378823482409,
  V11_q1: 0.08680533180084762, Z0s_q0: 0.00020646531526455523, Z0s_q1: 0.00019528957656550687,
  Z1s_q0: 6.7796202543835546e-06, Z1s_q1: 2.8168644179627557e-05}
