{E0_q0: 0.7353134156191883, E0_q1: 0.7607769104688978, E1_q0: -0.7, E1_q1: -0.8000000000000003,
  E2_q0: -0.700000000000001, E2_q1: -0.7999999999999997, U00_q0: -4.330501902740035,
  U00_q1: -3.911367696586492, U10_q0: -4.157567371747555e-16, U10_q1: 0.0, U11_q0: 0.0,
  U11_q1: 0.0, U20_q0: 0.0, U20_q1: 0.0, U21_q0: 0.0, U21_q1: 0.0, U22_q0: 0.0, U22_q1: 0.0,
  V00_q0: 0.5762463487031353, V00_q1: 0.48146866373736324, V10_q0: 0.0, V10_q1: 0.0,
  V11_q0: 0.0, V11_q1: 0.0, V20_q0: 0.0, V20_q1: 0.0, V21_q0: 0.0, V21_q1: 0.0, V22_q0: 0.0,
  V22_q1: 0.0, Y0s_q0: -1.4387708843198959, Y0s_q1: -1.4476249349234065, Y1s_q0: -2.212372853982877e-16,
  Y1s_q1: 0.0, Y2s_q0: 0.0, Y2s_q1: 0.0, Z0s_q0: 0.00021481834634540087, Z0s_q1: 0.00019952687148247375,
  Z1s_q0: 0.0, Z1s_q1: 0.0, Z2s_q0: 0.0, Z2s_q1: 0.0}
