{E0_q0: 0.7202675246769872, E0_q1: 0.7386118573568832, E1_q0: -2.4293556868690835,
  E1_q1: -0.9158626117528991, V00_q0: 1.1757844054071473, V00_q1: 0.9387391123386027,
  V10_q0: 0.07852443903158095, V10_q1: -0.1943206771894998, V11_q0: 0.31306176325148277,
  V11_q1: 0.23718762835504897, Z0s_q0: 0.00018399932932844606, Z0s_q1: 0.00019658615690455852,
  Z1s_q0: -9.987411923400358e-05, Z1s_q1: 8.368182898590331e-06}
