{E0_q0: 0.7089982620922801, E0_q1: 0.7357739962335323, E1_q0: 0.9803898480060451,
  E1_q1: -0.8062166220166742, U00_q0: -4.438580026878306, U00_q1: -4.135960470719862,
  U10_q0: -0.03499933465733077, U10_q1: -7.383142783311567e-05, U11_q0: 1.7337116603947082e-17,
  U11_q1: 1.958275003826351e-21, V00_q0: 0.7541599519210564, V00_q1: 0.6265623565657182,
  V10_q0: 0.12299289200805909, V10_q1: -0.0002501286488504527, V11_q0: -2.0955998112766594e-14,
  V11_q1: -2.294260203556687e-11, Y0s_q0: -1.4044734084287085, Y0s_q1: -1.4185733047825646,
  Y1s_q0: -1.5003499924520467, Y1s_q1: -1.5000007388517145, Z0s_q0: 0.00010055150927177307,
  Z0s_q1: 9.35034629713534e-05, Z1s_q0: 3.3933193737772836e-05, Z1s_q1: -5.949656453681064e-06}
