{E0_q0: 0.7578693620127605, E0_q1: 0.7690942338458926, E1_q0: -0.7000000000000006,
  E1_q1: -0.8000000000000002, V00_q0: 1.1595547181096622, V00_q1: 1.06696744223269,
  V10_q0: 0.0, V10_q1: 0.0, V11_q0: 0.0, V11_q1: 0.0, Y0s_q0: -1.7078543847527163,
  Y0s_q1: -1.712245514325426, Y1s_q0: 7.227186247240325e-17, Y1s_q1: 0.0, Z0s_q0: 0.00021451171634990286,
  Z0s_q1: 0.00020679417073037978, Z1s_q0: 0.0, Z1s_q1: 0.0}
