{E0_q0: 0.7419259686554271, E0_q1: 0.7674932973381453, E1_q0: -0.24638019957218113,
  E1_q1: -0.26740475079196613, E2_q0: -1.445693782311395, E2_q1: -0.4397731222578021,
  U00_q0: -4.274053821334237, U00_q1: -3.82931008876669, U10_q0: 1.6344578301423975,
  U10_q1: 2.503482447545659, U11_q0: 0.0844482255380207, U11_q1: 0.4367019372459663,
  U20_q0: -2.3010514169833645, U20_q1: 2.3559683646306575, U21_q0: -0.0016507507853749889,
  U21_q1: -0.03051613794059781, U22_q0: 4.084231864941692e-06, U22_q1: -6.419492599889506e-05,
  V00_q0: 0.55667010199406, V00_q1: 0.4665797024454418, V10_q0: 0.02947193441138588,
  V10_q1: 0.03016272611715464, V11_q0: -0.01642095642424747, V11_q1: -0.0684592024553333,
  V20_q0: 0.30287372069110824, V20_q1: 0.24337177921718472, V21_q0: 0.022720656829900026,
  V21_q1: -0.038153084428863095, V22_q0: -0.00047270702030817463, V22_q1: 0.001582081954518595,
  Y0s_q0: -1.5083787637973567, Y0s_q1: -1.5152309065909715, Y1s_q0: -1.5351358774669472,
  Y1s_q1: -1.7150568950778682, Y2s_q0: -1.507066550799883, Y2s_q1: -1.4889009851948714,
  Z0s_q0: 0.00021664883968103906, Z0s_q1: 0.00020095663824230508, Z1s_q0: 0.00014486853320937757,
  Z1s_q1: 0.0001347271115646069, Z2s_q0: -1.5196719644564253e-05, Z2s_q1: -2.6688003684728655e-05}
