{E0_q0: 0.7445738102520031, E0_q1: 0.7559950300200997, E1_q0: -0.6999999999999998,
  E1_q1: -0.8000000000000005, V00_q0: 1.2217403419592783, V00_q1: 1.1228335118088535,
  V10_q0: 0.0, V10_q1: 0.0, V11_q0: 0.0, V11_q1: 0.0, Y0s_q0: -1.63607626944874, Y0s_q1: -1.6449717284205996,
  Y1s_q0: 2.2684394833981677e-16, Y1s_q1: 2.8835702551576994e-16, Z0s_q0: 0.00021136355708542909,
  Z0s_q1: 0.00020394826728577068, Z1s_q0: 0.0, Z1s_q1: 0.0}
