{E0_q0: 0.7504577865659509, E0_q1: 0.7758018236574745, E1_q0: -1.9178651977481207,
  E1_q1: -1.1964127448974613, U00_q0: -3.954487861345334, U00_q1: -3.5556853750023105,
  U10_q0: -0.5871305088122084, U10_q1: 0.9789653813211806, U11_q0: 0.0049866792232043594,
  U11_q1: -0.006599108738714373, V00_q0: 0.5442348918726726, V00_q1: 0.46017482070970445,
  V10_q0: -0.16277137306393452, V10_q1: -0.18535826732646282, V11_q0: 0.00839888238830976,
  V11_q1: -0.019660251710283017, Y0s_q0: -1.4802971648402765, Y0s_q1: -1.4897897095799826,
  Y1s_q0: -1.493759020761693, Y1s_q1: -1.5061803529003657, Z0s_q0: 0.00022183389550423736,
  Z0s_q1: 0.00020613620133998848, Z1s_q0: 7.099086243518065e-06, Z1s_q1: 2.793857974743704e-06}
