{E0_q0: 0.7304464191181033, E0_q1: 0.7421031633719721, E1_q0: 0.31166892069147817,
  E1_q1: -1.2834369576225018, U00_q0: -4.4926941002815965, U00_q1: -4.242359122030106,
  U10_q0: -72.96679192272497, U10_q1: 3.4586351335633654, U11_q0: -0.04902939863078994,
  U11_q1: -0.40847886888675505, V00_q0: 0.5611305775761821, V00_q1: 0.516289454661951,
  V10_q0: -0.0009094635765933616, V10_q1: 0.013416772534340406, V11_q0: -0.6273084520028636,
  V11_q1: -0.5339977530697869, Y0s_q0: -1.4624871569762243, Y0s_q1: -1.4740264965520062,
  Y1s_q0: -2.6996093726040953, Y1s_q1: -2.170028194671165, Z0s_q0: 0.00028159331904807253,
  Z0s_q1: 0.0002724506569340724, Z1s_q0: -5.183574514067834e-05, Z1s_q1: 2.7025956962408803e-06}
