{E0_q0: 0.7444018804430719, E0_q1: 0.7698804086399341, E1_q0: 0.6129408468426892,
  E1_q1: -0.6845320926115845, E2_q0: -0.6842591617526975, E2_q1: -0.9121987187822823,
  U00_q0: -4.1937166543452, U00_q1: -3.8391201197789644, U10_q0: 4.766363516183944,
  U10_q1: 0.41311833721500124, U11_q0: 2.2272102991791944e-05, U11_q1: 5.406100723028767e-06,
  U20_q0: 0.5937578637143247, U20_q1: 0.43415784778680244, U21_q0: 2.1164508103019067e-05,
  U21_q1: -2.296056588142698e-05, U22_q0: -2.6540591898627798e-05, U22_q1: -8.859561083765884e-10,
  V00_q0: 0.5304558284955914, V00_q1: 0.4452645181325182, V10_q0: 0.116382691907918,
  V10_q1: -0.031587776718837474, V11_q0: 0.0002085076245579804, V11_q1: -0.0015944358987447324,
  V20_q0: -0.40693906712640326, V20_q1: 0.1521398240494856, V21_q0: 2.5697515030336038e-05,
  V21_q1: -0.0001906978750040517, V22_q0: -9.813134993311533e-09, V22_q1: -1.2669513550906608e-06,
  Y0s_q0: -1.4912434195364819, Y0s_q1: -1.5027851156306944, Y1s_q0: -1.5074817351055074,
  Y1s_q1: -1.4969551780837682, Y2s_q0: -1.5017969063714176, Y2s_q1: -1.507192163171176,
  Z0s_q0: 0.00021606954580838885, Z0s_q1: 0.00020055339381014513, Z1s_q0: 7.055686018550492e-05,
  Z1s_q1: -1.8116767485373402e-06, Z2s_q0: 1.8439115089604846e-05, Z2s_q1: 1.0301250943076672e-05}
