{E0_q0: 0.709992338672873, E0_q1: 0.7210273430019861, E1_q0: -1.4835380816759385,
  E1_q1: -1.0755846499989878, V00_q0: 1.3141125691815458, V00_q1: 1.1223895738507295,
  V10_q0: -0.18206593961637496, V10_q1: -0.0760420529909468, V11_q0: -0.6314026396659792,
  V11_q1: -0.07337563533837861, Z0s_q0: 0.00018911248500074187, Z0s_q1: 0.00018603068203752052,
  Z1s_q0: 0.00011281402792969124, Z1s_q1: 0.00011432829714043246}
