{E0_q0: 0.7506981183216724, E1_q0: -0.6999999999999997, E2_q0: -0.7000000000000001,
  E3_q0: -0.7, Y0s_q0: -1.5127698045088538, Y1s_q0: 0.0, Y2s_q0: 0.0, Y3s_q0: 0.0,
  Z0s_q0: 0.00022117258895959732, Z1s_q0: 0.0, Z2s_q0: 0.0, Z3s_q0: 0.0}
