{E0_q0: 0.7192119750180196, E0_q1: 0.7444952292899761, E1_q0: -0.946430970550582,
  E1_q1: -1.4345389003295042, E2_q0: -1.1494734934662296, E2_q1: -1.2574986720346222,
  U00_q0: -4.701176343004245, U00_q1: -4.441916126658944, U10_q0: -0.4309655888553785,
  U10_q1: 3.1541974159937207, U11_q0: 0.0002131073050606687, U11_q1: 0.008779978815561583,
  U20_q0: -0.0039006784840433344, U20_q1: -1.2550450425234319, U21_q0: 0.001550484627875691,
  U21_q1: 0.021110620721316916, U22_q0: 0.0005760159092731131, U22_q1: 0.0013776229802302203,
  V00_q0: 1.0401230169458526, V00_q1: 0.8416737758107586, V10_q0: 0.578578388729526,
  V10_q1: -0.6609111968839398, V11_q0: -0.011248728245787374, V11_q1: -0.07846637732459837,
  V20_q0: 0.010289638810536182, V20_q1: 0.8051161262000641, V21_q0: -0.03465849429215144,
  V21_q1: -0.13130302352748813, V22_q0: -0.01970663309117912, V22_q1: -0.031148203551288736,
  Y0s_q0: -1.4292334689871227, Y0s_q1: -1.4503835757233552, Y1s_q0: -0.014922367205641673,
  Y1s_q1: -0.08120359579856672, Y2s_q0: 0.14588601930525827, Y2s_q1: -0.21502248729625908,
  Z0s_q0: 0.0002129074628529273, Z0s_q1: 0.00019659977671954263, Z1s_q0: 1.3736630512529816e-05,
  Z1s_q1: -3.423265927206657e-05, Z2s_q0: 5.118551937049916e-05, Z2s_q1: -2.4871899696900215e-05}
