{E0_q0: 0.7412522579072004, E0_q1: 0.7675942559373635, E1_q0: -1.5216859869985648,
  E1_q1: -1.4032101290778154, U00_q0: -4.076930608513759, U00_q1: -3.4979968163800104,
  U10_q0: 0.0268271460931817, U10_q1: 0.5483130695135457, U11_q0: -0.21854822457940107,
  U11_q1: 0.334493383848933, V00_q0: 0.9948758279883451, V00_q1: 0.8409014815072975,
  V10_q0: -0.0006393026667014157, V10_q1: -0.006297676954180127, V11_q0: 0.24764622689266813,
  V11_q1: -0.27527267743426587, Y0s_q0: -1.5919375334783499, Y0s_q1: -1.5934145174968821,
  Y1s_q0: 0.3256364350998162, Y1s_q1: 0.1775626108367807, Z0s_q0: 0.00021016249292223435,
  Z0s_q1: 0.00019545659000663726, Z1s_q0: -6.493371610963254e-05, Z1s_q1: 6.245436109077301e-05}
