{E0_q0: 0.7249707820774551, E0_q1: 0.7327677036495425, E1_q0: -0.6772635522295406,
  E1_q1: -0.8001783119984968, Z0s_q0: 0.00020346295343269763, Z0s_q1: 0.0001941306214956725,
  Z1s_q0: -2.301181014832996e-09, Z1s_q1: -4.1489151074839e-05}
