{E0_q0: 0.736197086672187, E0_q1: 0.7617739241397739, E1_q0: -0.14287620264432693,
  E1_q1: -0.16778336452814394, U00_q0: -4.238938601103182, U00_q1: -3.820527170291179,
  U10_q0: 0.3704065696330499, U10_q1: 0.8631547057331018, U11_q0: 1.9630014555939407e-05,
  U11_q1: -0.00013210584122377454, V00_q0: 0.5633059737943158, V00_q1: 0.4716918660664389,
  V10_q0: 0.0036690528589528545, V10_q1: 0.014013704331238183, V11_q0: 0.0010674166184302747,
  V11_q1: 0.003340154015059482, Y0s_q0: -1.4755745970280703, Y0s_q1: -1.4889757889836317,
  Y1s_q0: -1.8610900245182878, Y1s_q1: -1.8316699360419422, Z0s_q0: 0.0002137245336955082,
  Z0s_q1: 0.00019829323858958358, Z1s_q0: 0.00017310754905864223, Z1s_q1: 0.00015997977799686036}
