{E0_q0: 0.7583583155399124, E0_q1: 0.7695723970964353, E1_q0: -0.7000000000000001,
  E1_q1: -0.7999999999999999, V00_q0: 1.1396685174540477, V00_q1: 1.0568022989151866,
  V10_q0: 0.0, V10_q1: 0.0, V11_q0: 0.0, V11_q1: 0.0, Y0s_q0: -1.6624034281654927,
  Y0s_q1: -1.6657343306825005, Y1s_q0: 8.690677191774991e-17, Y1s_q1: 0.0, Z0s_q0: 0.0002211927386255042,
  Z0s_q1: 0.00021340140711864007, Z1s_q0: 0.0, Z1s_q1: 0.0}
