{E0_q0: 0.7267659111087674, E0_q1: 0.7523351998307789, E1_q0: -1.4053570641693918,
  E1_q1: -1.624707862944602, E2_q0: -1.4616908194771414, E2_q1: -1.4855430199077746,
  E3_q0: -1.8919541992986026, E3_q1: -0.6042496587490149, U00_q0: -4.661718380671867,
  U00_q1: -4.212587401418201, U10_q0: 0.33966467520015187, U10_q1: 0.4304119059251265,
  U11_q0: 0.0001658593217162942, U11_q1: -0.0002434852632031929, U20_q0: -2.733675212922745,
  U20_q1: -1.7155809588303264, U21_q0: 0.0009328228689279942, U21_q1: -0.009665158701947707,
  U22_q0: 0.0029320640918216166, U22_q1: -0.0001394934506814201, U30_q0: 1.1809748309641828,
  U30_q1: 1.413882234699125, U31_q0: 0.0017322087870201997, U31_q1: 4.107528641626438e-06,
  U32_q0: 0.007904763657050971, U32_q1: -0.0015356055512253822, U33_q0: 0.0005911334035086195,
  U33_q1: 4.082557305897808e-06, V00_q0: 0.5935092792177492, V00_q1: 0.4901069937078001,
  V10_q0: 0.15127347482427023, V10_q1: -0.07308025947537883, V11_q0: 0.0031284096214657083,
  V11_q1: -0.0007188066198993369, V20_q0: -0.5634782242731012, V20_q1: -0.3303512335301768,
  V21_q0: 0.004502959026826112, V21_q1: -0.01731422431045508, V22_q0: 0.015839343726090173,
  V22_q1: 0.000638546825678402, V30_q0: 0.43039667788747005, V30_q1: 0.3221818333971459,
  V31_q0: 0.010957112653594172, V31_q1: -0.02844912737655503, V32_q0: 0.02777714633930873,
  V32_q1: 0.00641636109168495, V33_q0: 0.00546485532433196, V33_q1: -0.00014171929400480743,
  Y0s_q0: -1.4647978833104667, Y0s_q1: -1.5164830869574004, Y1s_q0: -0.19693026223876364,
  Y1s_q1: 0.29645730130535636, Y2s_q0: 1.233497925876921, Y2s_q1: 0.06046103675557149,
  Y3s_q0: -1.4212476608834748, Y3s_q1: -0.2157484277378324, Z0s_q0: 0.00021031250170244086,
  Z0s_q1: 0.00019336402676722663, Z1s_q0: 1.5104897931096775e-05, Z1s_q1: -5.352424094122796e-05,
  Z2s_q0: 5.6736616870989985e-05, Z2s_q1: 3.606140481419088e-05, Z3s_q0: 7.353207423828471e-05,
  Z3s_q1: 5.69697773824159e-05}
