{E0_q0: 0.7320978619304961, E0_q1: 0.7360155774871762, E1_q0: -0.8592848629879478,
  E1_q1: -1.1593512674083242, Z0s_q0: 0.00020690406314103032, Z0s_q1: 0.00019232665629908722,
  Z1s_q0: -0.0001017005810118043, Z1s_q1: -0.00011068792202483682}
