{E0_q0: 0.728172689330194, E0_q1: 0.7388369946737732, E1_q0: -0.7, E1_q1: -0.8, E2_q0: -0.7,
  E2_q1: -0.8, E3_q0: -0.7, E3_q1: -0.8, Z0s_q0: 0.00021021789727940142, Z0s_q1: 0.0002026427944583955,
  Z1s_q0: 0.0, Z1s_q1: 0.0, Z2s_q0: 0.0, Z2s_q1: 0.0, Z3s_q0: 0.0, Z3s_q1: 0.0}
