{E0_q0: 0.7865134338069719, E0_q1: 0.7974381267767349, E1_q0: -0.8412823622675631,
  E1_q1: -0.847937801305505, U00_q0: -4.311488955523473, U00_q1: -3.707022311526368,
  U10_q0: -10.188533662566098, U10_q1: -9.102045920820403, U11_q0: 3.973575685896828,
  U11_q1: -8.141595070408963, V00_q0: 1.2455307906539672, V00_q1: 1.1543066166143328,
  V10_q0: 0.031200413985973455, V10_q1: 0.026518877714095872, V11_q0: 1.4426054778976019,
  V11_q1: 1.386363149092186, Y0s_q0: -2.120780771954943, Y0s_q1: -2.130780248617508,
  Y1s_q0: 0.27387034968415636, Y1s_q1: 0.12725996229403255, Z0s_q0: 0.00018550948655105036,
  Z0s_q1: 0.00017774996029641739, Z1s_q0: -0.0001714457754931128, Z1s_q1: -0.00017156313429242455}
