{E0_q0: 0.7267579281089243, E0_q1: 0.7372822785505967, E1_q0: -0.7000003066688705,
  E1_q1: -0.7999999999999996, Y0s_q0: -1.5286536338680314, Y0s_q1: -1.544586367009136,
  Y1s_q0: 6.25785687491755e-06, Y1s_q1: 0.0, Z0s_q0: 0.00021116649082529376, Z0s_q1: 0.00020332062524355365,
  Z1s_q0: 4.0788783790183003e-08, Z1s_q1: 0.0}
