{E0_q0: 0.7469499968786094, E0_q1: 0.758280903220736, E1_q0: -0.9462409980869106,
  E1_q1: -1.620379783012141, E2_q0: -0.7042905268171711, E2_q1: -0.727578970320347,
  U00_q0: -4.204306900509455, U00_q1: -3.8690486369888437, U10_q0: -0.005583891066968314,
  U10_q1: -0.9171721796372142, U11_q0: -0.0035713615395239788, U11_q1: 0.04514519914214517,
  U20_q0: -0.31874463401662767, U20_q1: 1.0306640251191461, U21_q0: -0.04061420396411214,
  U21_q1: 0.18202271131990191, U22_q0: -1.774774739267377e-05, U22_q1: -0.0010837784078182552,
  V00_q0: 1.182125054384117, V00_q1: 1.0942692127412332, V10_q0: -0.0003236448211623629,
  V10_q1: -0.016405149645657185, V11_q0: -0.1177042549106656, V11_q1: -0.09728049959991031,
  V20_q0: -0.02317659523493194, V20_q1: -0.022143753178680385, V21_q0: -0.2516496450731841,
  V21_q1: -0.13485497701651772, V22_q0: -0.008460276235023524, V22_q1: -0.021089923317261564,
  Y0s_q0: -1.6842107461027245, Y0s_q1: -1.7087180963312842, Y1s_q0: -0.4898461326347157,
  Y1s_q1: -0.12279874217442546, Y2s_q0: -1.0811303175008447, Y2s_q1: 1.207510361319741,
  Z0s_q0: 0.00021044492954875365, Z0s_q1: 0.00020274508339645809, Z1s_q0: 4.4661406483338225e-05,
  Z1s_q1: -2.1664238680169102e-05, Z2s_q0: 0.00012564692536237408, Z2s_q1: 0.00010277869558366173}
