{E0_q0: 0.7297459227851885, E0_q1: 0.7557414115634434, E1_q0: -0.5523136639266731,
  E1_q1: -0.571649009760379, Y0s_q0: -1.4446400703146312, Y0s_q1: -1.4609209401334713,
  Y1s_q0: -1.9242440346501204, Y1s_q1: -1.8891890996749816, Z0s_q0: 0.00020886099106716578,
  Z0s_q1: 0.00019408235000198002, Z1s_q0: 0.0001471319069589635, Z1s_q1: 0.00013592487365214062}
