{E0_q0: 0.7445501522155022, E0_q1: 0.7559725135589216, E1_q0: -0.7, E1_q1: -0.8000000000000004,
  V00_q0: 1.2243963888240736, V00_q1: 1.1250710686366159, V10_q0: 0.0, V10_q1: 0.0,
  V11_q0: 0.0, V11_q1: 0.0, Y0s_q0: -1.6220156723262573, Y0s_q1: -1.630783356003929,
  Y1s_q0: 2.1551006254192777e-16, Y1s_q1: -3.7508218726120267e-17, Z0s_q0: 0.0002117733198341949,
  Z0s_q1: 0.0002043935641710597, Z1s_q0: 0.0, Z1s_q1: 0.0}
