{E0_q0: 0.7460424700710176, E0_q1: 0.7574377889557101, E1_q0: -1.077080205365132,
  E1_q1: -2.8519954873853233, U00_q0: -4.027129356044167, U00_q1: -3.7599034275784238,
  U10_q0: 0.8895494790872344, U10_q1: -0.8371891306105499, U11_q0: 2.3164586262753867e-06,
  U11_q1: -0.0002919088610154049, V00_q0: 0.5235955924846803, V00_q1: 0.4846023525458005,
  V10_q0: 0.18621258933054713, V10_q1: 0.25427386090837145, V11_q0: 0.0029553864541663967,
  V11_q1: 0.0006171906497550529, Y0s_q0: -1.5734744524004627, Y0s_q1: -1.5756626430601472,
  Y1s_q0: -1.4951412389255303, Y1s_q1: -1.503959293289013, Z0s_q0: 0.0002065858984585651,
  Z0s_q1: 0.00019956399554449085, Z1s_q0: 3.3809678782311775e-07, Z1s_q1: 1.3294765750983282e-06}
