{E0_q0: 0.7414732808868164, E0_q1: 0.767166048149136, E1_q0: -2.02464197630383, E1_q1: -1.0479147480972246,
  U00_q0: -4.194680736158252, U00_q1: -3.7886348132444163, U10_q0: -0.46046056925733264,
  U10_q1: 0.4254219695434141, U11_q0: 0.21900201522221535, U11_q1: 0.033804717942577965,
  V00_q0: 0.539521085153191, V00_q1: 0.4517178148554696, V10_q0: 0.09057863072426049,
  V10_q1: 0.10150601002620167, V11_q0: 0.013467909947796017, V11_q1: -0.04471908840104338,
  Y0s_q0: -1.4759787938237923, Y0s_q1: -1.4880676018234225, Y1s_q0: -1.5015035037294104,
  Y1s_q1: -1.4947320269533155, Z0s_q0: 0.00021545505065106318, Z0s_q1: 0.00020023717219752463,
  Z1s_q0: -9.700741458599945e-06, Z1s_q1: -3.0015607227692213e-06}
