{E0_q0: 0.713950034259425, E0_q1: 0.7411946200477907, E1_q0: -1.8660721135676501,
  E1_q1: -1.8894997138593614, U00_q0: -4.896704251312693, U00_q1: -5.704072730801745,
  U10_q0: 0.11047486103786076, U10_q1: 0.770361479503642, U11_q0: -1.3169946357261202,
  U11_q1: 2.9635075693030277, V00_q0: 0.9898392242458847, V00_q1: 0.7893108924699872,
  V10_q0: 0.0012148863141565644, V10_q1: 0.0035909703901398685, V11_q0: 1.3347500808400439,
  V11_q1: -1.3886746869762812, Y0s_q0: -1.6654236206010669, Y0s_q1: -1.705219959083447,
  Y1s_q0: -1.2182899812355446, Y1s_q1: -1.18253576025761, Z0s_q0: 0.00017143365998249175,
  Z0s_q1: 0.0001587493202168095, Z1s_q0: 0.0001501219509097194, Z1s_q1: -0.00014043371586980368}
