{E0_q0: 0.7198163082768916, E0_q1: 0.7465342978894054, E1_q0: -1.889964544760723,
  E1_q1: -1.9166378816901681, U00_q0: -4.534376410997134, U00_q1: -5.417750603143959,
  U10_q0: 0.09102280434499528, U10_q1: -0.03619369294216757, U11_q0: -2.2891188449520206,
  U11_q1: 3.738506846825372, V00_q0: 1.0336559689609044, V00_q1: 0.8345898823481296,
  V10_q0: 0.0014055852820163799, V10_q1: -0.0002543353085280209, V11_q0: 1.2228713910325608,
  V11_q1: -1.2735455152961321, Y0s_q0: -1.673406142822121, Y0s_q1: -1.705372246408028,
  Y1s_q0: -1.1623264135386606, Y1s_q1: -1.142118899972007, Z0s_q0: 0.00017620494048742512,
  Z0s_q1: 0.00016270140707216283, Z1s_q0: 0.00014269606341463242, Z1s_q1: -0.00013413737572575844}
