{E0_q0: 0.7345375706777477, E0_q1: 0.7461051843948144, E1_q0: -0.7359561642976717,
  E1_q1: -0.7465371901977957, V00_q0: 0.621102809322413, V00_q1: 0.5673517530117056,
  V10_q0: -0.01582652125648071, V10_q1: -0.007218541206829142, V11_q0: 0.0768775831718702,
  V11_q1: -0.02964794131732097, Y0s_q0: -1.6049774194924558, Y0s_q1: -1.6172352556200484,
  Y1s_q0: -1.4414127607857845, Y1s_q1: -1.337420185201937, Z0s_q0: 0.000202630593619199,
  Z0s_q1: 0.00019557188631764866, Z1s_q0: 0.00011184472141028118, Z1s_q1: 0.00010884372393786959}
