{E0_q0: 0.7379715705981715, E0_q1: 0.7494618383297392, E1_q0: -0.9068059764744171,
  E1_q1: -0.9261804802576, Y0s_q0: -1.5886127097038802, Y0s_q1: -1.5912974458874796,
  Y1s_q0: -1.3450986544391637, Y1s_q1: -1.6053547291314687, Z0s_q0: 0.00020953582389258732,
  Z0s_q1: 0.00020229395840291298, Z1s_q0: 7.359124723682374e-05, Z1s_q1: 7.131747477683998e-05}
