{E0_q0: 0.7495866890286904, E0_q1: 0.7609343119472669, E1_q0: -0.6999999999999998,
  E1_q1: -0.7999999999999999, V00_q0: 1.082316070535611, V00_q1: 0.9879010705980308,
  V10_q0: 0.0, V10_q1: 0.0, V11_q0: 0.0, V11_q1: 0.0, Y0s_q0: -1.6877664258024294,
  Y0s_q1: -1.6971250242612674, Y1s_q0: 1.7906425580833186e-16, Y1s_q1: -2.7979223834932453e-16,
  Z0s_q0: 0.00020264781585581793, Z0s_q1: 0.00019538487535626195, Z1s_q0: 0.0, Z1s_q1: 0.0}
