{E0_q0: 0.7327399449378751, E0_q1: 0.7443430599167244, E1_q0: -0.8685883026603279,
  E1_q1: -0.8790761435703073, Y0s_q0: -1.5893109296580978, Y0s_q1: -1.5984325536986512,
  Y1s_q0: -1.4991945239273652, Y1s_q1: -1.4514518224101052, Z0s_q0: 0.000205604251182473,
  Z0s_q1: 0.00019850042340135635, Z1s_q0: 9.615691700298001e-05, Z1s_q1: 9.342651308320953e-05}
