{E0_q0: 0.7559380573294627, E0_q1: 0.7671898838513451, E1_q0: -0.6999999999999993,
  E1_q1: -0.7999999999999998, V00_q0: 1.1891607081194648, V00_q1: 1.0887566437737515,
  V10_q0: 0.0, V10_q1: 0.0, V11_q0: 0.0, V11_q1: 0.0, Y0s_q0: -1.6917621249062813,
  Y0s_q1: -1.6958499039408312, Y1s_q0: -1.0743940322656257e-16, Y1s_q1: 0.0, Z0s_q0: 0.0002173179059590436,
  Z0s_q1: 0.00020954883905006035, Z1s_q0: 0.0, Z1s_q1: 0.0}
