{E0_q0: 0.7231996925538271, E0_q1: 0.7299186795514881, E1_q0: -0.6190283426466965,
  E1_q1: -0.7216799727889853, Z0s_q0: 0.00019969857564138232, Z0s_q1: 0.00018934628349731534,
  Z1s_q0: 0.00013779700939270986, Z1s_q1: 0.0001363631236655642}
