{E0_q0: 0.7367926204784027, E0_q1: 0.7624723776895463, E1_q0: 0.6574942119460564,
  E1_q1: -2.5860852580310616, U00_q0: -4.274446365067202, U00_q1: -3.8950796053736805,
  U10_q0: 0.6877871372757424, U10_q1: 0.6094629960546126, U11_q0: 2.49063192926786e-07,
  U11_q1: -0.0021475901491524313, V00_q0: 0.5648004235087835, V00_q1: 0.46953925350584413,
  V10_q0: -0.009615594590734567, V10_q1: 0.13906704794435354, V11_q0: 0.00012739357527468572,
  V11_q1: -0.034495138330312286, Y0s_q0: -1.4683494043854095, Y0s_q1: -1.4799320075729878,
  Y1s_q0: -1.4880558092844567, Y1s_q1: -1.496205399328903, Z0s_q0: 0.00021375316802870205,
  Z0s_q1: 0.0001983925203067403, Z1s_q0: -6.136136291880164e-05, Z1s_q1: 7.39871506272648e-06}
