{E0_q0: 0.742050819925488, E0_q1: 0.7677359268165298, E1_q0: -1.8918509662367016,
  E1_q1: -1.803836206854128, U00_q0: -4.245968696106377, U00_q1: -3.4563247674724287,
  U10_q0: -4.187440019084035, U10_q1: 1.2874128654798975, U11_q0: 0.6306924931719852,
  U11_q1: 0.3159382590410787, V00_q0: 0.5817656430323513, V00_q1: 0.4892257615978062,
  V10_q0: -0.4435455212736367, V10_q1: -0.44496141403331363, V11_q0: -0.2611994778959386,
  V11_q1: 0.04989716056698272, Y0s_q0: -1.4771426303456976, Y0s_q1: -1.4890118982448686,
  Y1s_q0: -1.3973336424681804, Y1s_q1: -1.525058308686316, Z0s_q0: 0.00021515881337434847,
  Z0s_q1: 0.00019998188474750988, Z1s_q0: 1.8051952323917896e-05, Z1s_q1: 1.4192423390602289e-05}
