{E0_q0: 0.7252052114707741, E0_q1: 0.7496490764359088, E1_q0: -0.6999999999999995,
  E1_q1: -0.7999999999999998, E2_q0: -0.7, E2_q1: -0.8000000000000003, Y0s_q0: -1.345187830315542,
  Y0s_q1: -1.3672907271582109, Y1s_q0: 0.0, Y1s_q1: 0.0, Y2s_q0: 0.0, Y2s_q1: 0.0,
  Z0s_q0: 0.00021221346928751184, Z0s_q1: 0.0001965106901600988, Z1s_q0: 0.0, Z1s_q1: 0.0,
  Z2s_q0: 0.0, Z2s_q1: 0.0}
