{E0_q0: 0.7395530262183052, E0_q1: 0.7655688889901707, E1_q0: -2.35697202610689, E1_q1: -1.4189542305909684,
  U00_q0: -4.30456379749301, U00_q1: -3.8367830139308032, U10_q0: -0.30627468082011094,
  U10_q1: 0.2040865473941863, U11_q0: 0.000869465876541812, U11_q1: -0.042418642544534986,
  V00_q0: 0.5576140444439935, V00_q1: 0.4655371061577973, V10_q0: -0.025467395550751608,
  V10_q1: -0.02813585101102054, V11_q0: 0.11630552022256548, V11_q1: 0.20034983458039923,
  Y0s_q0: -1.4732623539445724, Y0s_q1: -1.485220971170445, Y1s_q0: -1.5195312428839218,
  Y1s_q1: -1.4970016482155544, Z0s_q0: 0.00021492745705504, Z0s_q1: 0.00020031539771438113,
  Z1s_q0: 2.1127127278840234e-05, Z1s_q1: 9.916948440787881e-06}
