{E0_q0: 0.7352742829627966, E0_q1: 0.7611117674063579, E1_q0: -0.3556492055255361,
  E1_q1: -1.9970379609165572, U00_q0: -4.31945119625986, U00_q1: -3.8337108672141613,
  U10_q0: -1.8831601989731894, U10_q1: -9.30393458366013, U11_q0: 0.7265780774890633,
  U11_q1: -1.687043059487552, V00_q0: 0.5828694832132586, V00_q1: 0.48626685804167363,
  V10_q0: 0.011745671470094992, V10_q1: 0.12137571041433638, V11_q0: -5.2487184371967315,
  V11_q1: -9.765202813788106, Y0s_q0: -1.4537160505896474, Y0s_q1: -1.466326558518459,
  Y1s_q0: -2.7275591803915806, Y1s_q1: 0.07870420375424415, Z0s_q0: 0.00029793928430445486,
  Z0s_q1: 0.0002768405475600764, Z1s_q0: 1.8159556320394005e-05, Z1s_q1: 6.876895491304515e-06}
