{E0_q0: 0.7343503512988909, E0_q1: 0.7600163122041714, E1_q0: -0.2396610456868073,
  E1_q1: -0.6872904342660813, E2_q0: -0.6740946940967736, E2_q1: -0.7178301532278577,
  U00_q0: -4.437539316679395, U00_q1: -4.032559568650384, U10_q0: -0.9385959809459887,
  U10_q1: -1.9653227748925741, U11_q0: -6.485568814785288e-06, U11_q1: -1.036773548687651e-05,
  U20_q0: 0.03475460528564994, U20_q1: -0.4677541936145315, U21_q0: 1.5963952279282742e-07,
  U21_q1: 2.0286107105317127e-06, U22_q0: -3.6784460152591637e-10, U22_q1: -3.393496272166114e-08,
  V00_q0: 0.5708829249207805, V00_q1: 0.47401374523352025, V10_q0: 0.016941738890957906,
  V10_q1: 0.08571438443920876, V11_q0: 0.007251440782196683, V11_q1: 0.0005717531574139978,
  V20_q0: -0.10062710653253748, V20_q1: 0.0021480153432543872, V21_q0: -0.0008920860122258592,
  V21_q1: -0.0007514209973661673, V22_q0: 1.6199394244495775e-05, V22_q1: 2.6680344880355318e-05,
  Y0s_q0: -1.4558575618072105, Y0s_q1: -1.465449158345901, Y1s_q0: -1.4085839558604023,
  Y1s_q1: -1.508159174860811, Y2s_q0: -1.5020731088090038, Y2s_q1: -1.5195536538284076,
  Z0s_q0: 0.00020974367784386126, Z0s_q1: 0.000194741534379785, Z1s_q0: 1.881474985205544e-05,
  Z1s_q1: 1.9441679755971006e-05, Z2s_q0: -4.292878826821877e-05, Z2s_q1: 5.747908308950487e-07}
