{E0_q0: 0.7769090907701751, E0_q1: 0.8013561958711795, U00_q0: -2.1142432313321047,
  U00_q1: -2.6453685235732762, V00_q0: 0.35716564359081016, V00_q1: 0.3200342253883302,
  Y0s_q0: -1.5548628628597, Y0s_q1: -1.5586251650504543, Z0s_q0: 0.00022604104168686868,
  Z0s_q1: 0.00020960870355040488}
