{E0_q0: 0.7365613365546577, E0_q1: 0.7610990081720274, E1_q0: -0.5748102381968928,
  E1_q1: -1.8513035949824757, E2_q0: -0.7033713065136609, E2_q1: -1.1965750800889658,
  U00_q0: -4.295754000677614, U00_q1: -4.061749633841888, U10_q0: 0.012111657100657694,
  U10_q1: 2.467445761389805, U11_q0: 2.965999546274e-08, U11_q1: -0.00042163096401321077,
  U20_q0: -0.014805255386911496, U20_q1: -0.7165930494696043, U21_q0: 2.2212927219281837e-09,
  U21_q1: -7.738334665491231e-05, U22_q0: 4.5037497265575055e-10, U22_q1: -1.8040446586374014e-06,
  V00_q0: 0.5730409757245909, V00_q1: 0.47180423320692777, V10_q0: -0.01037778237571274,
  V10_q1: 0.14280948565558357, V11_q0: -0.00015465093795521417, V11_q1: -0.005852252190661339,
  V20_q0: 0.008957771929820824, V20_q1: -0.09043686303182581, V21_q0: -4.184619175078736e-05,
  V21_q1: -0.0009696040147354486, V22_q0: -9.549826172965032e-06, V22_q1: -0.00018887932854742321,
  Y0s_q0: -1.4660977851038985, Y0s_q1: -1.475381551284505, Y1s_q0: -1.5009762779034719,
  Y1s_q1: -1.321568532099812, Y2s_q0: -1.4994956174307126, Y2s_q1: -1.5565323623717564,
  Z0s_q0: 0.0002148598761472709, Z0s_q1: 0.00019820138204424038, Z1s_q0: -1.42109788012095e-06,
  Z1s_q1: 2.479852355424962e-05, Z2s_q0: -4.469454316899786e-06, Z2s_q1: 1.551628840459558e-05}
