{E0_q0: 0.7120327012770868, E0_q1: 0.7387041068886105, E1_q0: -0.2540470395141476,
  E1_q1: 13.431286932930323, U00_q0: -4.052875943500579, U00_q1: -3.7663572201654323,
  U10_q0: 0.726445851290021, U10_q1: -0.19675902034805245, U11_q0: 0.3613880223413293,
  U11_q1: -0.32321017539192504, V00_q0: 0.5145365116372165, V00_q1: 0.43287774769563075,
  V10_q0: 0.008517445787215024, V10_q1: -0.0026161220516370837, V11_q0: -1.801594476407701,
  V11_q1: 1.6792844343106226, Y0s_q0: -1.4180709571280918, Y0s_q1: -1.4367185255010162,
  Y1s_q0: -1.2151173991862114, Y1s_q1: -1.5187483163918507, Z0s_q0: 0.00012838958427935333,
  Z0s_q1: 0.0001193358011378099, Z1s_q0: -5.593783042318456e-06, Z1s_q1: -6.258869768808833e-06}
