{E0_q0: 0.7430941229268786, E0_q1: 0.7686044466887865, E1_q0: -1.4000138477031827,
  E1_q1: -2.030036768166101, U00_q0: -4.23828287098598, U00_q1: -3.894007206504967,
  U10_q0: 0.7904605823884395, U10_q1: -0.38904150614383404, U11_q0: 3.2654261724002655e-05,
  U11_q1: -0.0005219001166580179, V00_q0: 0.523946263644138, V00_q1: 0.4373675487669314,
  V10_q0: 0.535082313531526, V10_q1: 0.39106832240536354, V11_q0: 0.007933757624954617,
  V11_q1: -0.016461294242444562, Y0s_q0: -1.4569580981881336, Y0s_q1: -1.4702797830505563,
  Y1s_q0: -1.5083990281561508, Y1s_q1: -1.4980229929961892, Z0s_q0: 0.0002161790000839076,
  Z0s_q1: 0.00020088965991701456, Z1s_q0: 8.276119560396976e-07, Z1s_q1: 2.482392916936475e-06}
