{E0_q0: 0.7424639614156717, E0_q1: 0.7539187508700032, E1_q0: -0.05668428428289977,
  E1_q1: -1.3119609664816527, U00_q0: -4.651277027526253, U00_q1: -4.34039084039524,
  U10_q0: -0.014929048922302825, U10_q1: -0.8405974052464387, U11_q0: 4.2296451658693e-06,
  U11_q1: -2.6524380201149738e-06, V00_q0: 0.5662520506644292, V00_q1: 0.5199860759360803,
  V10_q0: -0.0006394602605564077, V10_q1: -0.08104903784365718, V11_q0: -0.002884119659914076,
  V11_q1: -0.0010427164024853265, Y0s_q0: -1.5603581929455543, Y0s_q1: -1.5685122649395107,
  Y1s_q0: -1.4990407488274091, Y1s_q1: -1.5051075547337598, Z0s_q0: 0.000210389240584606,
  Z0s_q1: 0.00020326522063772668, Z1s_q0: 4.256155371842346e-06, Z1s_q1: -4.304462037351363e-07}
