{E0_q0: 0.7448838063913757, E0_q1: 0.7565191126878795, E1_q0: -1.757317978359788,
  E1_q1: -1.0635558649814756, E2_q0: -0.6433004621862517, E2_q1: -1.0557371713319492,
  U00_q0: -4.482755045886116, U00_q1: -4.067119516344927, U10_q0: 0.1919162371246803,
  U10_q1: -0.06001130799660083, U11_q0: 0.22532707004801297, U11_q1: 0.01253742389327167,
  U20_q0: -2.6113658847434023, U20_q1: 2.8545777379063364, U21_q0: 0.0007984667780412814,
  U21_q1: 0.04387201634320998, U22_q0: 0.0034782414430573104, U22_q1: 0.0016157536290437558,
  V00_q0: 1.1933428726363162, V00_q1: 1.101797910473017, V10_q0: -0.09584757120035345,
  V10_q1: -0.06867640245413618, V11_q0: -0.9233231472029777, V11_q1: -0.39070556160012665,
  V20_q0: -0.08348093412610949, V20_q1: -0.07986881723755068, V21_q0: -0.003655781755017092,
  V21_q1: 0.7215363390308028, V22_q0: -0.11708886826345521, V22_q1: 0.10702342998019615,
  Y0s_q0: -1.7213532663808049, Y0s_q1: -1.7335571705883752, Y1s_q0: -0.022118460008344453,
  Y1s_q1: 0.015935394130543592, Y2s_q0: -1.3258579167839137, Y2s_q1: 0.8016467609400278,
  Z0s_q0: 0.00020930407118499375, Z0s_q1: 0.00020208621231100266, Z1s_q0: -2.5213041262926067e-05,
  Z1s_q1: -3.171336873667354e-05, Z2s_q0: 8.863761535015703e-05, Z2s_q1: 7.995103847113686e-05}
