{E0_q0: 0.7343466648333378, E0_q1: 0.7601153753528848, E1_q0: -0.48179890870811165,
  E1_q1: -1.7258751723288335, E2_q0: -0.6999999999999998, E2_q1: -0.8000000000000004,
  E3_q0: -0.6999999999999995, E3_q1: -0.799999999999999, U00_q0: -4.456072270920174,
  U00_q1: -4.065107499165718, U10_q0: 0.032365207221162824, U10_q1: 0.6767139236803165,
  U11_q0: 5.920348730898717e-09, U11_q1: -1.3591714434025966e-05, U20_q0: -6.552053118307563e-16,
  U20_q1: -1.1565546771115188e-37, U21_q0: -9.686572624118972e-20, U21_q1: 8.279002741232381e-42,
  U22_q0: 1.1026805947900408e-66, U22_q1: -2.297258014422068e-57, U30_q0: 3.66544810722517e-11,
  U30_q1: 3.6654468440532113e-11, U31_q0: 3.66544810722517e-11, U31_q1: 3.6654468440532113e-11,
  U32_q0: 3.66544810722517e-11, U32_q1: 3.6654468440532113e-11, U33_q0: 3.66544810722517e-11,
  U33_q1: 3.6654468440532113e-11, V00_q0: 0.5741191796929351, V00_q1: 0.47563590270313083,
  V10_q0: 0.0650652793098822, V10_q1: -0.13117826870598556, V11_q0: -7.454621469472112e-05,
  V11_q1: -0.0014423557185701949, V20_q0: -2.360204933829992e-15, V20_q1: 1.1803069974186116e-15,
  V21_q0: 1.057305830970187e-18, V21_q1: 4.615297194925328e-18, V22_q0: -4.8636135994306314e-33,
  V22_q1: -2.177930511307043e-19, V30_q0: 4.398537728660759e-12, V30_q1: 3.665447514982629e-12,
  V31_q0: 4.398537728660759e-12, V31_q1: 3.665448107223858e-12, V32_q0: 4.398537728660759e-12,
  V32_q1: 3.665448107223858e-12, V33_q0: 4.398537728660759e-12, V33_q1: 3.665447514982629e-12,
  Y0s_q0: -1.456632884924497, Y0s_q1: -1.4663659048185642, Y1s_q0: -0.0023674564803836933,
  Y1s_q1: 0.056947553177093144, Y2s_q0: -2.4067601189957645e-17, Y2s_q1: 2.4239827945305806e-32,
  Y3s_q0: 1.0996344321658457e-11, Y3s_q1: 1.0996344321658457e-11, Z0s_q0: 0.00021449939600840315,
  Z0s_q1: 0.00019921854590463948, Z1s_q0: 7.798464528594931e-07, Z1s_q1: -6.374150477415794e-06,
  Z2s_q0: -1.2662774005082152e-19, Z2s_q1: 1.8734699907256856e-21, Z3s_q0: 8.063985835881478e-16,
  Z3s_q1: 7.330896214448627e-16}
