{E0_q0: 0.7406366678806549, E0_q1: 0.7521176057518433, E1_q0: -0.6999999999999995,
  E1_q1: -0.7999999999999999, Y0s_q0: -1.7096162180734822, Y0s_q1: -1.7283114069853818,
  Y1s_q0: 1.2491327718657417e-16, Y1s_q1: 0.0, Z0s_q0: 0.00020518768246748626, Z0s_q1: 0.00019770756273505895,
  Z1s_q0: 0.0, Z1s_q1: 0.0}
