{E0_q0: 0.7521507429300192, E0_q1: 0.7634567875939167, E1_q0: -0.6999999999999998,
  E1_q1: -0.8000000000000003, V00_q0: 1.1865910824829045, V00_q1: 1.0952548008062175,
  V10_q0: 0.0, V10_q1: 0.0, V11_q0: 0.0, V11_q1: 0.0, Y0s_q0: -1.637035257389074,
  Y0s_q1: -1.6438357661999834, Y1s_q0: -3.046857864733693e-17, Y1s_q1: 3.057863593983307e-17,
  Z0s_q0: 0.0002119783945661755, Z0s_q1: 0.00020457120781023456, Z1s_q0: 0.0, Z1s_q1: 0.0}
