{E0_q0: 0.7430320718377319, E0_q1: 0.7544767473024049, E1_q0: 0.48002063665801764,
  E1_q1: -2.669751432163818, U00_q0: -4.476961841666006, U00_q1: -4.1748956911764745,
  U10_q0: -0.04574181091894804, U10_q1: -0.7238020212035142, U11_q0: 1.7565687635904538e-07,
  U11_q1: 1.9191891258569652e-05, V00_q0: 0.5494421058080464, V00_q1: 0.505637546692911,
  V10_q0: 0.00027193167631367503, V10_q1: 0.10914436533689557, V11_q0: -0.0005390465511450663,
  V11_q1: -0.0016460992337158813, Y0s_q0: -1.5817686922344352, Y0s_q1: -1.5895615789108963,
  Y1s_q0: -1.4999515543298183, Y1s_q1: -1.5073698302396352, Z0s_q0: 0.00020984058090621325,
  Z0s_q1: 0.00020266089754673256, Z1s_q0: -1.4148522919997865e-05, Z1s_q1: 1.075382430904373e-06}
