{E0_q0: 0.7497197211569364, E1_q0: -0.6999999999999998, E2_q0: -0.7, E3_q0: -0.7,
  Y0s_q0: -1.6974680160148643, Y1s_q0: 0.0, Y2s_q0: 0.0, Y3s_q0: 0.0, Z0s_q0: 0.00021646082425570628,
  Z1s_q0: 0.0, Z2s_q0: 0.0, Z3s_q0: 0.0}
