{E0_q0: 0.7526018874184713, E0_q1: 0.7639032526574403, E1_q0: -0.7000000000000001,
  E1_q1: -0.7999999999999997, V00_q0: 1.163087167599986, V00_q1: 1.0804684065468018,
  V10_q0: 0.0, V10_q1: 0.0, V11_q0: 0.0, V11_q1: 0.0, Y0s_q0: -1.6240508216966987,
  Y0s_q1: -1.6295888489592767, Y1s_q0: -2.303814022226054e-16, Y1s_q1: 4.710145039184038e-16,
  Z0s_q0: 0.0002111640696815491, Z0s_q1: 0.00020383630669251933, Z1s_q0: 0.0, Z1s_q1: 0.0}
