{E0_q0: 0.7391743079412235, E0_q1: 0.7652372461664239, E1_q0: -0.9232993826578554,
  E1_q1: -0.8488679467175685, E2_q0: -0.2059795580348833, E2_q1: -0.6872266155605243,
  U00_q0: -4.173741556713739, U00_q1: -3.7928310798228058, U10_q0: -0.9649276835408392,
  U10_q1: -1.570736556031537, U11_q0: 0.6521524438608803, U11_q1: -0.6157216031725701,
  U20_q0: 2.6544644608654626, U20_q1: 0.7606835808002647, U21_q0: 0.24082942373150537,
  U21_q1: -0.046929450152331846, U22_q0: -0.0003910984297138321, U22_q1: -0.0008090996273111895,
  V00_q0: 0.5683257493878258, V00_q1: 0.47831719432314623, V10_q0: -0.04205492761531609,
  V10_q1: -0.06104889167823012, V11_q0: -0.055417847785200515, V11_q1: 0.11571291914520655,
  V20_q0: -0.11580113330866573, V20_q1: -0.3060989893520881, V21_q0: -0.35633505365859885,
  V21_q1: 0.07614427293330903, V22_q0: -0.004407004042161811, V22_q1: -0.0071653888699961255,
  Y0s_q0: -1.4977937143497893, Y0s_q1: -1.5047993185962463, Y1s_q0: -1.4874910645165644,
  Y1s_q1: -1.5770284742197531, Y2s_q0: -1.4241979752728189, Y2s_q1: -1.5111282883278527,
  Z0s_q0: 0.00021321416215693283, Z0s_q1: 0.00019830256438678896, Z1s_q0: 8.507814036353357e-05,
  Z1s_q1: 8.281226488333993e-05, Z2s_q0: -7.296359004559391e-05, Z2s_q1: -2.825049401242479e-05}
