{E0_q0: 0.7326142215349247, E1_q0: -0.7000000000000002, E2_q0: -0.7000000000000001,
  E3_q0: -0.7, V00_q0: 1.2860589873754773, V10_q0: 0.0, V11_q0: 0.0, V20_q0: 0.0,
  V21_q0: 0.0, V22_q0: 0.0, V30_q0: 0.0, V31_q0: 0.0, V32_q0: 0.0, V33_q0: 0.0, Z0s_q0: 0.00021132605685609106,
  Z1s_q0: 0.0, Z2s_q0: 0.0, Z3s_q0: 0.0}
