{E0_q0: 0.7352214367702666, E0_q1: 0.7618857696975989, E1_q0: -1.9810559708511182,
  E1_q1: -1.9335344437619422, U00_q0: -4.376498395729401, U00_q1: -3.7537830792579574,
  U10_q0: -0.07648404675969783, U10_q1: 0.15099198385106113, U11_q0: 1.0530599160255631,
  U11_q1: -1.8508892130208445, V00_q0: 1.1801251399379222, V00_q1: 0.9854008712487271,
  V10_q0: -0.0038600536279133693, V10_q1: -0.0026600130968878165, V11_q0: -0.3689910887297179,
  V11_q1: 0.40091759875757593, Y0s_q0: -1.6010814121054548, Y0s_q1: -1.5979698059135485,
  Y1s_q0: -0.4610948815508193, Y1s_q1: -0.5829915848136509, Z0s_q0: 0.00020604053755764472,
  Z0s_q1: 0.00019204560766886432, Z1s_q0: -8.09121319763827e-05, Z1s_q1: 7.417465984032352e-05}
