{E0_q0: 0.7478116147907062, E0_q1: 0.7731469285427279, E1_q0: 0.5676579236674685,
  E1_q1: -3.1980774740621096, U00_q0: -4.463422732024472, U00_q1: -3.8919553458152296,
  U10_q0: -0.058187258530122965, U10_q1: 0.9288403003684759, U11_q0: 2.3117315600122114e-11,
  U11_q1: -0.005800293010538835, V00_q0: 1.0258713104148007, V00_q1: 0.8445125408663134,
  V10_q0: -0.019877588738211913, V10_q1: -0.41209134279088844, V11_q0: -8.920530670456428e-06,
  V11_q1: -0.07113151068899806, Y0s_q0: -1.504799096121123, Y0s_q1: -1.5181612782235758,
  Y1s_q0: 0.049404730471512275, Y1s_q1: 0.007781459419958582, Z0s_q0: 0.00021603393074106026,
  Z0s_q1: 0.00020030301916043285, Z1s_q0: 4.367289372675391e-05, Z1s_q1: -7.997472286437282e-06}
