{E0_q0: 0.7313456208251812, E0_q1: 0.7387957928225047, E1_q0: -0.7721982291774778,
  E1_q1: -0.9982151454744883, V00_q0: 1.093309475633479, V00_q1: 0.9885121564925407,
  V10_q0: -0.3567307945806622, V10_q1: -0.20551408440924906, V11_q0: -0.006381257532541791,
  V11_q1: -0.013801689034931938, Z0s_q0: 0.0002059517527320832, Z0s_q1: 0.00019635515989322952,
  Z1s_q0: 2.3118838430418607e-05, Z1s_q1: -2.5123105643657877e-05}
