{E0_q0: 0.7510755131367903, E0_q1: 0.7624066594258586, E1_q0: 1.707392275500495, E1_q1: -0.2936788202776162,
  U00_q0: -5.118280812412736, U00_q1: -4.7570460766680185, U10_q0: 0.47223491918976135,
  U10_q1: 0.054106460531237056, U11_q0: -2.808061334739033e-08, U11_q1: 9.235892511432144e-08,
  V00_q0: 0.5954403371980359, V00_q1: 0.5427741191257058, V10_q0: 3.23620854688369,
  V10_q1: 0.01058532011483537, V11_q0: -2.4398610158139643e-09, V11_q1: -1.156159813311942e-08,
  Y0s_q0: -1.8242431719308614, Y0s_q1: -1.8414790582994887, Y1s_q0: -1.502017645221024,
  Y1s_q1: -1.5006768167883608, Z0s_q0: 0.00028223639549684437, Z0s_q1: 0.00027147721263440396,
  Z1s_q0: -3.197525526465575e-07, Z1s_q1: 1.1066037171963674e-07}
