{E0_q0: 0.7254778626559497, E0_q1: 0.7521460206617515, E1_q0: -0.7055193527446729,
  E1_q1: -0.6966687508095919, E2_q0: -0.6604107677795087, E2_q1: -0.7996310572970707,
  E3_q0: -0.7000000000349683, E3_q1: -0.7999999999999815, U00_q0: -4.409751586657262,
  U00_q1: -4.0018430317264055, U10_q0: 0.22383564990596636, U10_q1: -0.3726705074490859,
  U11_q0: 0.021472457090251855, U11_q1: -0.006517708021384813, U20_q0: 0.29130122049077906,
  U20_q1: -0.055581611642021925, U21_q0: 0.0002198208345451705, U21_q1: -0.0005863329094911054,
  U22_q0: 5.789955351440658e-10, U22_q1: -2.4521921717959643e-11, U30_q0: 1.0164493944103469e-15,
  U30_q1: 1.2335917387887384e-31, U31_q0: 6.99561367974968e-16, U31_q1: -2.2766613976010875e-32,
  U32_q0: -5.931535169174841e-15, U32_q1: -1.8033966928929923e-35, U33_q0: -8.626739119060968e-16,
  U33_q1: 4.523788992008467e-51, V00_q0: 0.5710303655343495, V00_q1: 0.47516391246621825,
  V10_q0: 0.0033859313752672175, V10_q1: 0.007125840431251005, V11_q0: 0.04374613876037725,
  V11_q1: 0.009574316089686988, V20_q0: 0.0933238143249158, V20_q1: 0.014132219010357515,
  V21_q0: 0.0027267834445277982, V21_q1: 0.003971718158732028, V22_q0: 7.943122801582012e-06,
  V22_q1: -6.604686139112559e-07, V30_q0: 1.8966096253789332e-15, V30_q1: 8.365635711000423e-17,
  V31_q0: -5.947537880988576e-17, V31_q1: 9.849265861901893e-17, V32_q0: 1.131103062915719e-17,
  V32_q1: 2.3670145420525376e-17, V33_q0: -2.1313036243139662e-17, V33_q1: 2.2070206381032148e-17,
  Y0s_q0: -1.4234119039664255, Y0s_q1: -1.4378016557065112, Y1s_q0: -2.258351126053649,
  Y1s_q1: -2.3031180780268095, Y2s_q0: -1.5368342699146906, Y2s_q1: -1.5001995970070579,
  Y3s_q0: -1.4999999999999991, Y3s_q1: -1.5000000000000009, Z0s_q0: 0.00020629796743863626,
  Z0s_q1: 0.0001922880810577329, Z1s_q0: 0.00013053491534127128, Z1s_q1: 0.00011953148842559958,
  Z2s_q0: 1.0709425446799273e-05, Z2s_q1: -1.1016113394879667e-06, Z3s_q0: 3.454565782515772e-20,
  Z3s_q1: 1.1855962771805737e-20}
