{E0_q0: 0.7429425779295199, E0_q1: 0.754388446231935, E1_q0: 0.4470708232604745, E1_q1: -2.5138913000741985,
  U00_q0: -4.593280084411262, U00_q1: -4.288434931534764, U10_q0: -0.029440879860957395,
  U10_q1: -0.6838946809866004, U11_q0: 1.4202661829761995e-07, U11_q1: 3.240772190831947e-08,
  V00_q0: 0.5682510241389779, V00_q1: 0.5220134706152526, V10_q0: 0.00028101567890745626,
  V10_q1: 0.11275670365929168, V11_q0: -0.0004792731181681657, V11_q1: -0.000709694578499328,
  Y0s_q0: -1.5727996007590619, Y0s_q1: -1.5810156448011896, Y1s_q0: -1.5000684613167825,
  Y1s_q1: -1.5061551553029253, Z0s_q0: 0.000209827021332952, Z0s_q1: 0.00020267848434503803,
  Z1s_q0: -1.1981659614661373e-05, Z1s_q1: 8.750079549584206e-07}
