{E0_q0: 0.7426380417896166, E0_q1: 0.7682585810784873, E1_q0: -2.088681376511768,
  E1_q1: -1.1221746069536467, U00_q0: -4.004437902640748, U00_q1: -3.576893133273719,
  U10_q0: -0.14774936019079807, U10_q1: 1.1524585402064398, U11_q0: -0.309601638142128,
  U11_q1: 0.011189772773682929, V00_q0: 0.5361676024757787, V00_q1: 0.4523478323409622,
  V10_q0: 0.12144269160156046, V10_q1: 0.14331841881953267, V11_q0: -0.0881130607239943,
  V11_q1: 0.009430455723571578, Y0s_q0: -1.4623960730673435, Y0s_q1: -1.4713880133721213,
  Y1s_q0: -1.4725126815484204, Y1s_q1: -1.5085532457719422, Z0s_q0: 0.00021679392296467865,
  Z0s_q1: 0.00020156045458213294, Z1s_q0: -7.954876452851835e-06, Z1s_q1: -2.3572337776576432e-06}
