{E0_q0: 0.766578639904416, E0_q1: 0.7776740954325364, E1_q0: -0.6999999999999997,
  E1_q1: -0.8000000000000008, V00_q0: 1.2571903874418315, V00_q1: 1.185419205214841,
  V10_q0: 0.0, V10_q1: 0.0, V11_q0: 0.0, V11_q1: 0.0, Y0s_q0: -1.7152628900224625,
  Y0s_q1: -1.7271981351318157, Y1s_q0: -4.763167489866e-16, Y1s_q1: 0.0, Z0s_q0: 0.00022525485121198803,
  Z0s_q1: 0.0002171422081274789, Z1s_q0: 0.0, Z1s_q1: 0.0}
