{E0_q0: 0.7386914838118158, E0_q1: 0.7644510499184104, E1_q0: -1.8016403949669761,
  E1_q1: -0.8626153299683216, U00_q0: -4.251660452310852, U00_q1: -3.806424425240743,
  U10_q0: -0.14625409994018088, U10_q1: 0.7998159019762409, U11_q0: 0.05735992549446029,
  U11_q1: -0.000575968318928967, V00_q0: 0.5695111729883017, V00_q1: 0.47650651102392316,
  V10_q0: -0.10306635592172515, V10_q1: -0.12199495829029891, V11_q0: -0.05732781827306179,
  V11_q1: 0.007808139533382793, Y0s_q0: -1.4693556553890137, Y0s_q1: -1.4818688921994034,
  Y1s_q0: -1.4930828305800377, Y1s_q1: -1.4998723658335225, Z0s_q0: 0.00021450814239940404,
  Z0s_q1: 0.00019932888758310575, Z1s_q0: 8.228408350426383e-06, Z1s_q1: 2.893486405508786e-06}
