{E0_q0: 0.7435199273098844, E0_q1: 0.7690221163347091, E1_q0: -0.6067971326216646,
  E1_q1: -1.585579219606484, U00_q0: -4.335764225623256, U00_q1: -3.9277037912419237,
  U10_q0: 0.5158712122136626, U10_q1: 0.867444063051237, U11_q0: 5.6245422364216035e-06,
  U11_q1: 0.0008834118856614861, V00_q0: 0.5373093180204467, V00_q1: 0.4477621676013721,
  V10_q0: 0.4502707712226067, V10_q1: 0.44240033270557605, V11_q0: 0.0021897864164466246,
  V11_q1: -0.005187028942232916, Y0s_q0: -1.4581727553762431, Y0s_q1: -1.4713561933045676,
  Y1s_q0: -1.5093618434618934, Y1s_q1: -1.5012327563876373, Z0s_q0: 0.00021648746834234956,
  Z0s_q1: 0.0002011785115714226, Z1s_q0: 9.078560388524916e-07, Z1s_q1: 1.8711190410980863e-06}
