{E0_q0: 0.7374147022006167, E0_q1: 0.7632208363133863, E1_q0: -1.8719754293540687,
  E1_q1: -0.7105708401074278, U00_q0: -4.374191072660988, U00_q1: -3.9046077291779655,
  U10_q0: 0.09744633680384744, U10_q1: 0.8770072821024404, U11_q0: 0.15151289608442198,
  U11_q1: 0.017760404417182542, V00_q0: 0.5747384866755078, V00_q1: 0.4786439298549997,
  V10_q0: 0.10016518606738548, V10_q1: 0.11698859714624558, V11_q0: -0.034418570039606224,
  V11_q1: -0.008585517040658366, Y0s_q0: -1.4720837750912128, Y0s_q1: -1.4850002811142782,
  Y1s_q0: -1.4876023463332388, Y1s_q1: -1.4985632819064072, Z0s_q0: 0.00021453498276517838,
  Z0s_q1: 0.00019932606204758533, Z1s_q0: -8.219594259691777e-06, Z1s_q1: -2.6501294528653237e-06}
