{E0_q0: 0.7507475387382956, E0_q1: 0.7621223456403552, E1_q0: -1.573497727873, E1_q1: -0.5131804821661057,
  E2_q0: -0.8553406562740031, E2_q1: -1.0082656448436649, U00_q0: -4.50284893326325,
  U00_q1: -4.159117850141942, U10_q0: 0.00023329522286382026, U10_q1: 3.0039628908282183,
  U11_q0: 0.0006790645595308106, U11_q1: 0.02516388960975689, U20_q0: -0.716352377588586,
  U20_q1: -2.079293735422008, U21_q0: 0.03639269683497455, U21_q1: -0.10191139019145118,
  U22_q0: 0.002856725985478518, U22_q1: 0.00015279188128826613, V00_q0: 1.2445567249778857,
  V00_q1: 1.1469638006020775, V10_q0: -0.00013477933552018378, V10_q1: 0.047148309105970204,
  V11_q0: -0.01504614257838402, V11_q1: -0.0664157645955125, V20_q0: 0.03151109383568585,
  V20_q1: 0.03344736530738478, V21_q0: -0.5882750260623381, V21_q1: -0.2922631201437677,
  V22_q0: -0.03257200010361337, V22_q1: 0.01249202133465222, Y0s_q0: -1.7424658115997431,
  Y0s_q1: -1.771226953260488, Y1s_q0: 0.04003378523511285, Y1s_q1: 1.1268815414347342,
  Y2s_q0: -1.5013257020178752, Y2s_q1: 0.028959453562207332, Z0s_q0: 0.00021096046702764014,
  Z0s_q1: 0.0002032535736310325, Z1s_q0: -1.0899834748403484e-05, Z1s_q1: -9.267173376902148e-05,
  Z2s_q0: -9.95742651646737e-05, Z2s_q1: 4.5327425987698446e-05}
