{E0_q0: 0.7461874898466136, E0_q1: 0.7575833766982524, E1_q0: -0.6999999999999998,
  E1_q1: -0.8000000000000002, Y0s_q0: -1.6272727602769643, Y0s_q1: -1.6400684344278051,
  Y1s_q0: -2.0805774340847247e-16, Y1s_q1: 0.0, Z0s_q0: 0.0002171177780128049, Z0s_q1: 0.00020953117073532746,
  Z1s_q0: 0.0, Z1s_q1: 0.0}
