{E0_q0: 0.7641855225913065, E0_q1: 0.7890102184620825, E1_q0: -1.0555209139668968,
  E1_q1: -2.478673857375471, U00_q0: -4.368175219380138, U00_q1: -3.78713147061972,
  U10_q0: 0.7426799176291413, U10_q1: -1.2830135908350209, U11_q0: 3.6908563698701407e-07,
  U11_q1: -1.3290178892003582e-05, V00_q0: 1.0049879186306128, V00_q1: 0.8347596418525921,
  V10_q0: -0.6238935060527585, V10_q1: -0.8393489174565949, V11_q0: -0.0010138411286266743,
  V11_q1: -0.003161119965979018, Y0s_q0: -1.5095597286453297, Y0s_q1: -1.5222091342407533,
  Y1s_q0: 0.032770178489119665, Y1s_q1: -0.13325023371283878, Z0s_q0: 0.00022788909021336434,
  Z0s_q1: 0.00021152395855746593, Z1s_q0: -1.14443519788871e-06, Z1s_q1: -3.3531598791463294e-06}
