{E0_q0: 0.7382615045764042, E0_q1: 0.7639683654062532, E1_q0: -0.7000000000000004,
  E1_q1: -0.8000000000000003, E2_q0: -0.7000000000000001, E2_q1: -0.7999999999999995,
  V00_q0: 1.0384266431220777, V00_q1: 0.8647187509143002, V10_q0: 0.0, V10_q1: 0.0,
  V11_q0: 0.0, V11_q1: 0.0, V20_q0: 0.0, V20_q1: 0.0, V21_q0: 0.0, V21_q1: 0.0, V22_q0: 0.0,
  V22_q1: 0.0, Y0s_q0: -1.469601206905745, Y0s_q1: -1.4691161630740055, Y1s_q0: 0.0,
  Y1s_q1: 0.0, Y2s_q0: 0.0, Y2s_q1: 0.0, Z0s_q0: 0.0002210467990769418, Z0s_q1: 0.0002053497957884808,
  Z1s_q0: 0.0, Z1s_q1: 0.0, Z2s_q0: 0.0, Z2s_q1: 0.0}
