{E0_q0: 0.7362224743934181, E0_q1: 0.7621392017411164, E1_q0: -1.8758642135434465,
  E1_q1: -0.9006511699868635, U00_q0: -4.298704396927626, U00_q1: -3.843656419926504,
  U10_q0: 0.002626556754356521, U10_q1: 0.5254219088346206, U11_q0: 0.07857460150122156,
  U11_q1: -0.1180230931893669, V00_q0: 0.5878676813546299, V00_q1: 0.4906609449246124,
  V10_q0: 0.07822050149230188, V10_q1: 0.08284733553953129, V11_q0: 0.0958038613271586,
  V11_q1: 0.06381702095949082, Y0s_q0: -1.470518144111077, Y0s_q1: -1.4830595648893172,
  Y1s_q0: -1.5102807568838406, Y1s_q1: -1.4969948074199937, Z0s_q0: 0.00021325763556099517,
  Z0s_q1: 0.0001982341637721231, Z1s_q0: -1.1165072802372599e-05, Z1s_q1: -4.056226710427779e-06}
