{E0_q0: 0.7329359694581026, E0_q1: 0.7587645401689221, E1_q0: -0.4975353311579022,
  E1_q1: -1.9430836516162355, E2_q0: -0.7, E2_q1: -0.7999999999999995, E3_q0: -0.6999999999999997,
  E3_q1: -0.7999999999999996, U00_q0: -4.566275327722143, U00_q1: -4.16128497773577,
  U10_q0: 0.022261705278530535, U10_q1: -0.26573843157215193, U11_q0: 4.7534914099581155e-09,
  U11_q1: -2.6268386343040143e-06, U20_q0: 9.83202503391804e-16, U20_q1: 2.9771618788271987e-34,
  U21_q0: 9.674272917917465e-22, U21_q1: 2.1917223373324757e-39, U22_q0: 8.683830221325758e-72,
  U22_q1: 8.674225135870453e-54, U30_q0: 1.6639726033581597e-07, U30_q1: 1.6639726033581597e-07,
  U31_q0: 1.6639726033581597e-07, U31_q1: 1.6639726033581597e-07, U32_q0: 1.6639726033581597e-07,
  U32_q1: 1.6639726033581597e-07, U33_q0: 1.6639726033581597e-07, U33_q1: 1.6639726033581597e-07,
  V00_q0: 0.5839219941808647, V00_q1: 0.48149482297675056, V10_q0: 0.11134571010466651,
  V10_q1: -0.1458500954122172, V11_q0: -6.65733816853605e-05, V11_q1: -0.002003844765175521,
  V20_q0: -2.5546382487959867e-17, V20_q1: -1.2499967132907122e-17, V21_q0: 1.0201441998212584e-20,
  V21_q1: 2.4441154455420964e-19, V22_q0: -5.000692536357516e-36, V22_q1: 2.2215712238227505e-19,
  V30_q0: 1.9967671240295205e-08, V30_q1: 1.663972603358154e-08, V31_q0: 1.9967671240295205e-08,
  V31_q1: 1.6639726033581595e-08, V32_q0: 1.9967671240295205e-08, V32_q1: 1.6639726033588368e-08,
  V33_q0: 1.9967671240295205e-08, V33_q1: 1.663972603358151e-08, Y0s_q0: -1.456836495771092,
  Y0s_q1: -1.4669368837772943, Y1s_q0: -0.00022101390995628596, Y1s_q1: -0.016230520279077936,
  Y2s_q0: 1.0784119049095673e-17, Y2s_q1: 6.98459282830413e-35, Y3s_q0: 4.991917810074479e-08,
  Y3s_q1: 4.991917810074479e-08, Z0s_q0: 0.0002145391840944841, Z0s_q1: 0.00019924596660278386,
  Z1s_q0: 6.80955306504469e-07, Z1s_q1: -5.821061479821366e-06, Z2s_q0: -6.828935303164786e-20,
  Z2s_q1: 6.234430960037199e-20, Z3s_q0: 3.660739727386762e-12, Z3s_q1: 3.327945206716441e-12}
