{E0_q0: 0.753104536953944, E0_q1: 0.7643944281127514, E1_q0: -0.7000000000000001,
  E1_q1: -0.8000000000000004, V00_q0: 1.1926206279029494, V00_q1: 1.108251603051627,
  V10_q0: 0.0, V10_q1: 0.0, V11_q0: 0.0, V11_q1: 0.0, Y0s_q0: -1.6067534666783856,
  Y0s_q1: -1.6133653754354547, Y1s_q0: -6.358325652158365e-17, Y1s_q1: -1.51220241182037e-16,
  Z0s_q0: 0.00021444863835091505, Z0s_q1: 0.00020706560287020283, Z1s_q0: 0.0, Z1s_q1: 0.0}
