{E0_q0: 0.7287265435209539, E1_q0: -0.6451166432136688, U00_q0: -4.775534079082355,
  U10_q0: -0.11764366155322235, U11_q0: -1.0606985994729872e-06, V00_q0: 0.5900761191655206,
  V10_q0: -0.15057310003623586, V11_q0: 0.0012489879296568316, Y0s_q0: -1.432144613704567,
  Y1s_q0: -1.4931479439405384, Z0s_q0: 0.00021336561263805614, Z1s_q0: 2.164073729318437e-05}
