{E0_q0: 0.7424816305512849, E0_q1: 0.7491366381509548, E1_q0: -0.10912250456741485,
  E1_q1: -1.713440134664239, V00_q0: 0.6169217676288367, V00_q1: 0.5551720186823412,
  V10_q0: -0.00951738533883991, V10_q1: -0.09781625752355068, V11_q0: 0.010685646415788156,
  V11_q1: 0.03858638301589457, Z0s_q0: 0.00021344139081632798, Z0s_q1: 0.00019993872601079714,
  Z1s_q0: -7.105733510671413e-05, Z1s_q1: -6.155043817380828e-05}
