{E0_q0: 0.7790393762279552, E0_q1: 0.8034163564335638, E1_q0: 0.5154521386262472,
  E1_q1: 0.7146962293738388, U00_q0: -2.826819795520647, U00_q1: -3.3116670608853673,
  U10_q0: -0.5915926187084147, U10_q1: -3.5729847381636453, U11_q0: -7.143369433141436e-10,
  U11_q1: -4.020886252241429e-10, V00_q0: 0.3867407246565628, V00_q1: 0.33741290706100396,
  V10_q0: 0.4333285016694794, V10_q1: -0.07658608451515697, V11_q0: -4.995378256722545e-06,
  V11_q1: -1.767177114902994e-05, Y0s_q0: -1.5817670047940724, Y0s_q1: -1.5817339301217674,
  Y1s_q0: -1.492214239047126, Y1s_q1: -1.527621214804707, Z0s_q0: 0.00022621113957627473,
  Z0s_q1: 0.0002095785018901643, Z1s_q0: -3.019845669476541e-06, Z1s_q1: 1.8036410393194517e-05}
