{E0_q0: 0.755219010797209, E0_q1: 0.766481572873594, E1_q0: -0.7000000000000008, E1_q1: -0.8,
  V00_q0: 1.0879019694232237, V00_q1: 1.0097858116313168, V10_q0: 0.0, V10_q1: 0.0,
  V11_q0: 0.0, V11_q1: 0.0, Y0s_q0: -1.6369013254003, Y0s_q1: -1.6403683311763293,
  Y1s_q0: 2.0201215848406637e-16, Y1s_q1: 0.0, Z0s_q0: 0.0002150437373800821, Z0s_q1: 0.00020754964322381472,
  Z1s_q0: 0.0, Z1s_q1: 0.0}
