{E0_q0: 0.7259946938249869, E0_q1: 0.7336151214296924, E1_q0: -0.7206066431746606,
  E1_q1: -0.8209394639495251, Z0s_q0: 0.0002010249696423772, Z0s_q1: 0.00019088929542710573,
  Z1s_q0: 0.00013350496701642367, Z1s_q1: 0.00013227944343518585}
