{E0_q0: 0.7392071526318309, E0_q1: 0.7490216430923514, E1_q0: -0.9621832657659689,
  E1_q1: -4.456652254365003, V00_q0: 1.2469124451466238, V00_q1: 1.0455198664404561,
  V10_q0: 0.33160591715285187, V10_q1: -0.4350862953399846, V11_q0: 0.00697705845854122,
  V11_q1: 0.3190239262380222, Y0s_q0: -1.6155389338646773, Y0s_q1: -1.7040049202325935,
  Y1s_q0: -1.5182309295193432, Y1s_q1: -1.1557728314175253, Z0s_q0: 0.00020718461350313083,
  Z0s_q1: 0.00018337251568458334, Z1s_q0: -6.821221136051268e-06, Z1s_q1: -7.99600360626456e-05}
