{E0_q0: 0.749045348327881, E1_q0: -0.6999999999999995, E2_q0: -0.6999999999999997,
  E3_q0: -0.7, Y0s_q0: -1.462800276588859, Y1s_q0: 0.0, Y2s_q0: 0.0, Y3s_q0: 0.0,
  Z0s_q0: 0.00022548694838394318, Z1s_q0: 0.0, Z2s_q0: 0.0, Z3s_q0: 0.0}
