{E0_q0: 0.7392454195329247, E0_q1: 0.7653034113832977, E1_q0: -0.9232474705921322,
  E1_q1: -0.8486091854005657, E2_q0: -0.203457450782693, E2_q1: -0.6832096333204628,
  U00_q0: -4.173992788519545, U00_q1: -3.7917714803884337, U10_q0: -0.9558598380602715,
  U10_q1: -1.5400662632175905, U11_q0: 0.6660024273291201, U11_q1: -0.5481129370395235,
  U20_q0: 2.6604545559476294, U20_q1: 0.8226811657822661, U21_q0: 0.4136323730396422,
  U21_q1: 0.06957386838377917, U22_q0: -0.00010502987021113912, U22_q1: -0.0007901544717273661,
  V00_q0: 0.5668622777133158, V00_q1: 0.47707993500402, V10_q0: -0.041261131606396544,
  V10_q1: -0.06000656539272154, V11_q0: -0.05982528567629665, V11_q1: 0.10882686400363918,
  V20_q0: -0.11582254299808115, V20_q1: -0.30462260779243944, V21_q0: -0.3429184974240306,
  V21_q1: 0.08722452237338536, V22_q0: -0.005993832515052453, V22_q1: -0.0053830318588554225,
  Y0s_q0: -1.4976716814156397, Y0s_q1: -1.5047739892087455, Y1s_q0: -1.4898329697230748,
  Y1s_q1: -1.5770959482973763, Y2s_q0: -1.4197920250197094, Y2s_q1: -1.5189619650449269,
  Z0s_q0: 0.00021330282313161326, Z0s_q1: 0.00019838308559989168, Z1s_q0: 8.473048226665029e-05,
  Z1s_q1: 8.247489422188579e-05, Z2s_q0: -7.298178468004637e-05, Z2s_q1: -2.8258982474784233e-05}
