{E0_q0: 0.7413111856850304, E0_q1: 0.7668897749500886, E1_q0: 0.5268963740563639,
  E1_q1: -1.007443991480511, U00_q0: -4.2227749871110865, U00_q1: -3.84551767883685,
  U10_q0: 1.8096962350559223, U10_q1: 0.13796406091420418, U11_q0: 2.149326012448146e-07,
  U11_q1: -4.7419066803796295e-05, V00_q0: 0.5530888509556089, V00_q1: 0.4635132980845144,
  V10_q0: -0.02961773559470762, V10_q1: 0.14141554775677828, V11_q0: -0.00012244051512253472,
  V11_q1: -0.0025203679694965377, Y0s_q0: -1.4757433955590311, Y0s_q1: -1.48595753612063,
  Y1s_q0: -1.478415082902595, Y1s_q1: -1.4983639337374546, Z0s_q0: 0.00021666178720711508,
  Z0s_q1: 0.00020119649231798125, Z1s_q0: -4.366181727070217e-05, Z1s_q1: 4.001237374799413e-06}
