{E0_q0: 0.7437008379278578, E0_q1: 0.7551412624200331, E1_q0: -0.8794990007618935,
  E1_q1: -0.247700118715284, U00_q0: -4.569540229437218, U00_q1: -4.265631180609631,
  U10_q0: 0.05624207945234546, U10_q1: -0.6491516427517915, U11_q0: -2.2922959380012297e-05,
  U11_q1: -8.646009967233832e-07, V00_q0: 0.5577863066146301, V00_q1: 0.513032062602947,
  V10_q0: -0.0009134084069282051, V10_q1: 0.04617516478642077, V11_q0: -0.0003187916042517802,
  V11_q1: 2.6104629645558456e-05, Y0s_q0: -1.584044133180725, Y0s_q1: -1.5929057340021617,
  Y1s_q0: -1.4982304951785026, Y1s_q1: -1.5024887288878017, Z0s_q0: 0.0002122629520561684,
  Z0s_q1: 0.00020500010054275584, Z1s_q0: -2.60697500187801e-06, Z1s_q1: 4.5495308586137263e-07}
