{E0_q0: 0.7388330435162571, E0_q1: 0.7646094620440239, E1_q0: -1.9438866215493262,
  E1_q1: -1.1181581917826706, U00_q0: -4.300905982278696, U00_q1: -3.862156914022324,
  U10_q0: -0.18570020206458007, U10_q1: 0.6304296505834104, U11_q0: 0.06297795429774558,
  U11_q1: 0.011296654040520375, V00_q0: 0.5616390724444111, V00_q1: 0.4688766650376843,
  V10_q0: -0.09180247548965827, V10_q1: -0.11261548677147638, V11_q0: -0.2276200707004063,
  V11_q1: 0.015143188351619806, Y0s_q0: -1.4745858118592563, Y0s_q1: -1.4859262311236858,
  Y1s_q0: -1.4869904963565606, Y1s_q1: -1.5092632865333897, Z0s_q0: 0.0002154511083333651,
  Z0s_q1: 0.00020020732440820507, Z1s_q0: 9.341069576286895e-06, Z1s_q1: 3.032052706387832e-06}
