{E0_q0: 0.7400372094892597, E0_q1: 0.765046628843974, U00_q0: -4.433815270210945,
  U00_q1: -4.001618214946544, V00_q0: 0.5867878956698798, V00_q1: 0.48870027628954654,
  Y0s_q0: -1.4576126517793022, Y0s_q1: -1.4693270260185733, Z0s_q0: 0.00021991645088124945,
  Z0s_q1: 0.00020399462708540196}
