{E0_q0: 0.7442526744774297, E0_q1: 0.7556782359372295, E1_q0: -0.6999999999999997,
  E1_q1: -0.7999999999999999, V00_q0: 1.2350163915856474, V00_q1: 1.1365997254741809,
  V10_q0: 0.0, V10_q1: 0.0, V11_q0: 0.0, V11_q1: 0.0, Y0s_q0: -1.6212263057974228,
  Y0s_q1: -1.6299952943622318, Y1s_q0: -4.617369547947635e-16, Y1s_q1: -7.803266269017841e-16,
  Z0s_q0: 0.0002117231505287197, Z0s_q1: 0.0002043458134317015, Z1s_q0: 0.0, Z1s_q1: 0.0}
