{E0_q0: 0.7578444992672263, E1_q0: -0.7000000000000001, E2_q0: -0.6999999999999996,
  E3_q0: -0.7, Y0s_q0: -1.7127897665462855, Y1s_q0: 0.0, Y2s_q0: 0.0, Y3s_q0: 0.0,
  Z0s_q0: 0.0002219163348996991, Z1s_q0: 0.0, Z2s_q0: 0.0, Z3s_q0: 0.0}
