{E0_q0: 0.7371287949738994, E0_q1: 0.7435845691549132, E1_q0: -0.4592634065191486,
  E1_q1: -1.096104789703043, Z0s_q0: 0.00021146346265916015, Z0s_q1: 0.00019939968613487326,
  Z1s_q0: 8.068156798739798e-05, Z1s_q1: -7.811748490817744e-05}
