{E0_q0: 0.7342075148481196, E1_q0: -0.6999999999999998, E2_q0: -0.7000000000000001,
  E3_q0: -0.6999999999999998, V00_q0: 1.2737063714444088, Y0s_q0: -1.322520515015199,
  Y1s_q0: 0.0, Y2s_q0: 0.0, Y3s_q0: 0.0, Z0s_q0: 0.0002086714673529101, Z1s_q0: 0.0,
  Z2s_q0: 0.0, Z3s_q0: 0.0}
