{E0_q0: 0.7329858199121295, E0_q1: 0.7587842237355951, E1_q0: 0.05943766416856867,
  E1_q1: -0.9933139238472752, E2_q0: -0.6997518359958482, E2_q1: -0.7759509142434124,
  E3_q0: -0.700000024451882, E3_q1: -0.8000000703389972, U00_q0: -4.445304633235765,
  U00_q1: -4.055976413225017, U10_q0: 0.20568585349355795, U10_q1: -1.00268218623526,
  U11_q0: 2.3869769569407065e-07, U11_q1: 5.465997785101392e-07, U20_q0: -0.012594614504017825,
  U20_q1: -0.07539445969452745, U21_q0: -9.467350272901241e-09, U21_q1: 6.526246293011878e-09,
  U22_q0: 4.3945417467343127e-13, U22_q1: -4.0507105277354487e-10, U30_q0: -1.2026228452960162e-08,
  U30_q1: 9.069730384999364e-08, U31_q0: -2.3860670820845385e-14, U31_q1: 9.296704015503695e-14,
  U32_q0: -4.0586987668806124e-17, U32_q1: -3.110806839138503e-16, U33_q0: -5.253173892748299e-16,
  U33_q1: -2.721206088155099e-22, V00_q0: 0.5694725512068913, V00_q1: 0.47246770058441745,
  V10_q0: 0.10827978704368836, V10_q1: 0.10579018272595717, V11_q0: 0.0020297862923711416,
  V11_q1: -0.0020339509161058154, V20_q0: 0.06166124886782615, V20_q1: 0.028364599963582444,
  V21_q0: -8.501299131174485e-05, V21_q1: -0.00036873452172599456, V22_q0: 3.437246989270572e-06,
  V22_q1: 3.756551914990183e-06, V30_q0: 5.697843935750791e-05, V30_q1: -0.00016751307723128134,
  V31_q0: 1.7488813488695466e-08, V31_q1: 2.547696355576691e-07, V32_q0: 7.114318304801984e-10,
  V32_q1: -1.3649510364702101e-08, V33_q0: 1.861762355960843e-13, V33_q1: -5.160782561930695e-13,
  Y0s_q0: -1.4525308410745383, Y0s_q1: -1.4626642020681135, Y1s_q0: -1.5256508464163798,
  Y1s_q1: -1.4537532931953163, Y2s_q0: -1.4993661300131411, Y2s_q1: -1.5036914877276373,
  Y3s_q0: -1.4999999995821767, Y3s_q1: -1.4999999836614213, Z0s_q0: 0.00021335433287927175,
  Z0s_q1: 0.00019816072248851282, Z1s_q0: 3.4687305643471024e-05, Z1s_q1: 1.209756455408302e-05,
  Z2s_q0: -3.5309471365101055e-05, Z2s_q1: 3.6517113574934332e-06, Z3s_q0: -9.651713355804331e-09,
  Z3s_q1: -1.5700217542452653e-08}
