{E0_q0: 0.7506779221707987, E0_q1: 0.7620390023799333, E1_q0: -1.4330753476465379,
  E1_q1: -0.6025444687595677, E2_q0: -1.1310754356395913, E2_q1: -0.7127601339306258,
  U00_q0: -4.484811349990348, U00_q1: -4.15392577604202, U10_q0: 0.26903245701013684,
  U10_q1: 0.9792113122764937, U11_q0: 0.0020730782716615282, U11_q1: 0.1922741782368601,
  U20_q0: -1.0897701575663836, U20_q1: -0.9382334095270153, U21_q0: 0.042611073484332414,
  U21_q1: 0.008539191381318673, U22_q0: 0.07655345121330594, U22_q1: 0.000896842866730153,
  V00_q0: 1.2334114287330866, V00_q1: 1.1377820133430134, V10_q0: -0.08558150713653846,
  V10_q1: 0.01786798711499287, V11_q0: -0.11974566116654159, V11_q1: -1.1426157113790039,
  V20_q0: 0.03621189039306027, V20_q1: 0.029412067776948374, V21_q0: 0.42755833705837337,
  V21_q1: 0.5932573757787787, V22_q0: -0.7231979703204688, V22_q1: -0.16082014739670678,
  Y0s_q0: -1.7251443069557453, Y0s_q1: -1.7557185876848735, Y1s_q0: 0.06280100162041556,
  Y1s_q1: 0.5967785429218236, Y2s_q0: -1.225166434954156, Y2s_q1: 0.02352048712686127,
  Z0s_q0: 0.00021095290778817418, Z0s_q1: 0.00020327529730494154, Z1s_q0: -9.92425832842239e-06,
  Z1s_q1: -0.00010011404134385316, Z2s_q0: -0.00010208587840633267, Z2s_q1: -2.570483531981091e-05}
