{E0_q0: 0.7567344408058222, E0_q1: 0.7679745243898998, E1_q0: -0.6999999999999996,
  E1_q1: -0.7999999999999989, V00_q0: 1.1665470875854573, V00_q1: 1.0880061103203673,
  V10_q0: 0.0, V10_q1: 0.0, V11_q0: 0.0, V11_q1: 0.0, Y0s_q0: -1.6228127835823576,
  Y0s_q1: -1.6306539845854808, Y1s_q0: -2.797331225272254e-16, Y1s_q1: 0.0, Z0s_q0: 0.00021571928768153594,
  Z0s_q1: 0.00020825005518835412, Z1s_q0: 0.0, Z1s_q1: 0.0}
