{E0_q0: 0.7408591126158305, E0_q1: 0.7664661013653266, E1_q0: 0.7552595222463041,
  E1_q1: -0.24602467014454169, U00_q0: -4.284772300496109, U00_q1: -3.8371142302271544,
  U10_q0: 4.8861622254286035, U10_q1: 0.7493787294649964, U11_q0: 6.954801242327433e-09,
  U11_q1: -4.5360712116445937e-07, V00_q0: 0.5511974651667745, V00_q1: 0.46172043120789724,
  V10_q0: 0.09092764555011222, V10_q1: 0.3580111235857505, V11_q0: 0.00010546427273852966,
  V11_q1: -5.347691488772976e-05, Y0s_q0: -1.4688359952597854, Y0s_q1: -1.4815196711810747,
  Y1s_q0: -1.4488552752094104, Y1s_q1: -1.4944101480071454, Z0s_q0: 0.00021650696683494773,
  Z0s_q1: 0.00020110479838748396, Z1s_q0: 9.003106814407714e-05, Z1s_q1: 3.7859344348232307e-06}
