{E0_q0: 0.7380561126401425, E0_q1: 0.7638680436897908, E1_q0: -2.149774827950413,
  E1_q1: -1.059548147220592, U00_q0: -4.437999968464928, U00_q1: -3.9834927776292117,
  U10_q0: -0.43851976127062875, U10_q1: 0.2715890168689594, U11_q0: 0.2877216316130168,
  U11_q1: -0.03905105364870155, V00_q0: 0.5740846334522581, V00_q1: 0.47617488584963114,
  V10_q0: -0.09880486338993094, V10_q1: -0.10790349764102038, V11_q0: 0.10238538467509353,
  V11_q1: -0.009482955123181503, Y0s_q0: -1.4705425615524073, Y0s_q1: -1.4815178675105538,
  Y1s_q0: -1.5260674781085148, Y1s_q1: -1.5021272464239923, Z0s_q0: 0.00021491980771522692,
  Z0s_q1: 0.00019977270256565618, Z1s_q0: 9.922284528744814e-06, Z1s_q1: 2.5386816096868404e-06}
