{E0_q0: 0.736727152397677, E0_q1: 0.7626119704527468, E1_q0: -2.0675746603926717,
  E1_q1: -1.2318142540077865, U00_q0: -4.401524767462428, U00_q1: -3.87513803078973,
  U10_q0: -0.5701749039931722, U10_q1: -0.6518290202624534, U11_q0: -0.1832520897338539,
  U11_q1: -0.07407523624739722, V00_q0: 0.575539009615894, V00_q1: 0.4787299543701316,
  V10_q0: -0.09944360008107757, V10_q1: -0.11004790090131082, V11_q0: -0.09512499610891341,
  V11_q1: 0.06259765875884142, Y0s_q0: -1.4656170188779338, Y0s_q1: -1.4789499112212505,
  Y1s_q0: -1.4532259547825033, Y1s_q1: -1.5033712667381733, Z0s_q0: 0.00021486725514237797,
  Z0s_q1: 0.0001997765903816586, Z1s_q0: 1.1285732792100772e-05, Z1s_q1: 4.138593050248029e-06}
