{E0_q0: 0.7541173543936117, E0_q1: 0.7793891035484941, E1_q0: -2.026255983199183,
  E1_q1: -0.936443781156836, U00_q0: -4.137539187461892, U00_q1: -3.69346342292885,
  U10_q0: -0.2578623597964341, U10_q1: 0.2900670444601621, U11_q0: 0.4413110751260047,
  U11_q1: 0.07819733789844435, V00_q0: 0.5602231968487753, V00_q1: 0.47089036212943003,
  V10_q0: -0.08885174300232121, V10_q1: -0.09735000619047857, V11_q0: 0.12407062055126847,
  V11_q1: -0.031939722604738256, Y0s_q0: -1.5020355386083102, Y0s_q1: -1.5146534689568907,
  Y1s_q0: -1.5392447537170548, Y1s_q1: -1.5016429805072484, Z0s_q0: 0.00022697466113765408,
  Z0s_q1: 0.0002108337036574678, Z1s_q0: 9.817826922122007e-06, Z1s_q1: 2.7801851339453403e-06}
