{E0_q0: 0.7408051176615956, E0_q1: 0.7664078704379186, E1_q0: 0.7623463836393914,
  E1_q1: -2.069716186709372, U00_q0: -4.158078383280753, U00_q1: -3.7586570800798262,
  U10_q0: 5.291647587680545, U10_q1: 0.5454641321783978, U11_q0: 1.1142151034610519e-08,
  U11_q1: 0.00010281263908558194, V00_q0: 0.538568478000815, V00_q1: 0.451176981070812,
  V10_q0: 0.016822825952245133, V10_q1: 0.29658271951282106, V11_q0: 8.697850267191105e-05,
  V11_q1: -0.0011958177197057144, Y0s_q0: -1.4656775007935348, Y0s_q1: -1.4763820500029283,
  Y1s_q0: -1.4423868271192342, Y1s_q1: -1.5029483356519313, Z0s_q0: 0.00021610089860000123,
  Z0s_q1: 0.00020074864597529303, Z1s_q0: 9.019739917992569e-05, Z1s_q1: 2.485529461194044e-06}
