{E0_q0: 0.7564096870755342, E0_q1: 0.7816121066513004, E1_q0: -2.062107724980618,
  E1_q1: -1.8845448510094398, U00_q0: -3.919130779596043, U00_q1: -3.4099134611296553,
  U10_q0: -2.860606436661898, U10_q1: -0.08814945514034254, U11_q0: 0.2256640832225032,
  U11_q1: -0.030507536692700947, V00_q0: 1.0131172164956765, V00_q1: 0.8587136515339255,
  V10_q0: 0.38001943390705284, V10_q1: 0.38645248373260904, V11_q0: -0.7839574312827744,
  V11_q1: 0.28030903304958626, Y0s_q0: -1.5582502912947076, Y0s_q1: -1.5645026287510253,
  Y1s_q0: 0.0042170307657187055, Y1s_q1: 0.3740296177901577, Z0s_q0: 0.0002197169201884532,
  Z0s_q1: 0.00020371284997663662, Z1s_q0: -1.2672542355642772e-05, Z1s_q1: -8.702795770696516e-06}
