{E0_q0: 0.7339215432974425, E0_q1: 0.7588355794202901, E1_q0: 0.13850120380477593,
  E1_q1: -1.4319868441806811, E2_q0: -0.5482295322854204, E2_q1: -1.1090124691748484,
  E3_q0: -0.7000000001440478, E3_q1: -0.7999999896284203, U00_q0: -4.442227443310421,
  U00_q1: -4.109610533594792, U10_q0: 0.6194550509116817, U10_q1: 2.0655316615433312,
  U11_q0: 3.582590259755078e-08, U11_q1: -0.00035597832752926, U20_q0: -0.6867418920324482,
  U20_q1: -1.079035122192024, U21_q0: -2.1852782731220395e-10, U21_q1: 2.1044170487355882e-05,
  U22_q0: 3.4568347224115063e-10, U22_q1: 4.6941604509160844e-07, U30_q0: -9.934619483828945e-11,
  U30_q1: 1.7718626084992095e-08, U31_q0: -4.545146419008855e-16, U31_q1: -3.7010247064463554e-15,
  U32_q0: -9.845892713310657e-16, U32_q1: -9.376502879913518e-16, U33_q0: 2.6139301830417303e-16,
  U33_q1: -6.091898491565823e-23, V00_q0: 0.5589238175482595, V00_q1: 0.46058336328768845,
  V10_q0: -0.1574217484362205, V10_q1: 0.1327403503271739, V11_q0: -0.0001848871364634955,
  V11_q1: -0.005275575944755217, V20_q0: 0.2036074246121148, V20_q1: -0.19364573740044097,
  V21_q0: -7.690054361502456e-05, V21_q1: 0.0005371712522626829, V22_q0: -1.819017626012334e-05,
  V22_q1: 0.00014743124090049143, V30_q0: -3.0414672330225574e-06, V30_q1: 2.855538985717334e-05,
  V31_q0: -4.7853350133568004e-11, V31_q1: -4.3697708760413106e-08, V32_q0: 5.206154553575781e-11,
  V32_q1: -7.332635380202681e-09, V33_q0: 5.007304819970441e-17, V33_q1: -1.529774459943046e-14,
  Y0s_q0: -1.4628977684289688, Y0s_q1: -1.4722057947700884, Y1s_q0: -1.4932128314949058,
  Y1s_q1: -1.4306828395396367, Y2s_q0: -1.5133014006234837, Y2s_q1: -1.5889194380429208,
  Y3s_q0: -1.5000000000012164, Y3s_q1: -1.499999999144754, Z0s_q0: 0.0002137969698702044,
  Z0s_q1: 0.00019769173795551693, Z1s_q0: -8.070049955607251e-06, Z1s_q1: 2.3298967560520046e-05,
  Z2s_q0: -2.458551983134098e-05, Z2s_q1: 1.0565851796821963e-05, Z3s_q0: 3.267864674893983e-10,
  Z3s_q1: 1.5015482431423025e-09}
