{E0_q0: 0.7553683484981095, E0_q1: 0.7666281130731233, E1_q0: -0.7, E1_q1: -0.8, V00_q0: 1.185607920421337,
  V00_q1: 1.086602369681738, V10_q0: 0.0, V10_q1: 0.0, V11_q0: 0.0, V11_q1: 0.0, Y0s_q0: -1.689119470187343,
  Y0s_q1: -1.6936487964860596, Y1s_q0: 1.901254858101714e-17, Y1s_q1: 0.0, Z0s_q0: 0.00021673074760085733,
  Z0s_q1: 0.00020898880510348232, Z1s_q0: 0.0, Z1s_q1: 0.0}
