{E0_q0: 0.740298935834257, E0_q1: 0.7659188077279679, E1_q0: 0.5814593213330506, E1_q1: 0.10135578268914928,
  U00_q0: -4.280816467230122, U00_q1: -3.879243506002325, U10_q0: 3.759113326023851,
  U10_q1: 1.9938649944377664, U11_q0: 2.6362554160876434e-07, U11_q1: -2.3562984812532723e-06,
  V00_q0: 0.5554318011549697, V00_q1: 0.4649844397412157, V10_q0: 0.1462558546526748,
  V10_q1: 0.2424056135220181, V11_q0: 0.00046186429532986926, V11_q1: -0.001062932107453584,
  Y0s_q0: -1.4778729703397655, Y0s_q1: -1.4882945930060487, Y1s_q0: -1.4595618975745503,
  Y1s_q1: -1.479202356915305, Z0s_q0: 0.0002163286883614136, Z0s_q1: 0.00020086891524141872,
  Z1s_q0: 7.123571804465906e-05, Z1s_q1: 1.688805990093435e-05}
