{E0_q0: 0.7551958073233072, E0_q1: 0.7803093049649995, E1_q0: -0.7245186100655028,
  E1_q1: -3.34578945306244, U00_q0: -4.227428988830014, U00_q1: -3.7645126867524357,
  U10_q0: 0.08846113595378217, U10_q1: 0.47971605253581323, U11_q0: 1.1718292195884586e-11,
  U11_q1: -3.535648401774267e-05, V00_q0: 1.0465115558659144, V00_q1: 0.8672772120375478,
  V10_q0: 0.527013648390505, V10_q1: -0.5415574175372594, V11_q0: -6.31425683926333e-06,
  V11_q1: -0.00803912349250176, Y0s_q0: -1.5334945060267102, Y0s_q1: -1.5397862368126158,
  Y1s_q0: 0.013462068160562819, Y1s_q1: 0.05001042516097117, Z0s_q0: 0.0002201724328662994,
  Z0s_q1: 0.00020406050597009302, Z1s_q0: 6.249670603726138e-08, Z1s_q1: -6.404684672023768e-06}
