{E0_q0: 0.7395839097714203, E0_q1: 0.7510792800096289, E1_q0: -0.6998342350376725,
  E1_q1: -0.8000006897418203, Y0s_q0: -1.581638999508596, Y0s_q1: -1.5885116650164663,
  Y1s_q0: -1.4999469530801877, Y1s_q1: -1.5000004781867904, Z0s_q0: 0.00021393982917405641,
  Z0s_q1: 0.00020660711147791184, Z1s_q0: -1.3404936201962525e-10, Z1s_q1: 2.614016517858572e-06}
