{E0_q0: 0.7406102154463793, E0_q1: 0.7666705391052712, E1_q0: -2.0621414541165572,
  E1_q1: -1.6470524150736106, U00_q0: -4.3644610388108385, U00_q1: -3.9365552242839943,
  U10_q0: 0.06269004153630024, U10_q1: 0.08621359791742096, U11_q0: -0.33163345963143737,
  U11_q1: -0.04454946403733799, V00_q0: 0.5559350211989275, V00_q1: 0.463721116851296,
  V10_q0: 0.003523829088900515, V10_q1: -0.0021442028836164946, V11_q0: -0.04944651908190676,
  V11_q1: 0.04127606876563986, Y0s_q0: -1.4732347774556636, Y0s_q1: -1.4855303696547715,
  Y1s_q0: -1.482817870728229, Y1s_q1: -1.5220554634998809, Z0s_q0: 0.00021403106089479748,
  Z0s_q1: 0.0001995763954300434, Z1s_q0: 2.8462177819982452e-05, Z1s_q1: -1.96633407792361e-05}
