{E0_q0: 0.7420490422930057, E0_q1: 0.7535080017246671, E1_q0: -0.6999999999999998,
  E1_q1: -0.8000000000000003, Y0s_q0: -1.65165465744444, Y0s_q1: -1.6655952397786518,
  Y1s_q0: 2.6109333261821195e-16, Y1s_q1: 0.0, Z0s_q0: 0.00021092907640526392, Z0s_q1: 0.0002034552175784006,
  Z1s_q0: 0.0, Z1s_q1: 0.0}
