{E0_q0: 0.7384867115508176, E0_q1: 0.7642820588688894, E1_q0: -2.022596960337659,
  E1_q1: -1.0797748445375537, U00_q0: -4.326097789614684, U00_q1: -3.888958037707453,
  U10_q0: -0.37479516640464633, U10_q1: 0.7194504614758684, U11_q0: 0.33254284799974243,
  U11_q1: -0.023416986836610906, V00_q0: 0.5561084669481761, V00_q1: 0.4635781678117241,
  V10_q0: 0.08594906806558039, V10_q1: 0.09999677640187161, V11_q0: -0.06370608935414876,
  V11_q1: 0.0742852142888018, Y0s_q0: -1.470098471913183, Y0s_q1: -1.480340911109534,
  Y1s_q0: -1.5044025576995768, Y1s_q1: -1.4966389826346298, Z0s_q0: 0.00021518036277862684,
  Z0s_q1: 0.00020000911759509378, Z1s_q0: -9.690411515422665e-06, Z1s_q1: -2.7830252554739786e-06}
