{E0_q0: 0.7392894256298754, E0_q1: 0.7505153302461216, E1_q0: -0.7000000000000001,
  E1_q1: -0.7999999999999999, Y0s_q0: -1.5941101962988, Y0s_q1: -1.6035580687938114,
  Y1s_q0: 4.370759146322737e-16, Y1s_q1: 0.0, Z0s_q0: 0.00021245270867787584, Z0s_q1: 0.0002049584698495106,
  Z1s_q0: 0.0, Z1s_q1: 0.0}
