{E0_q0: 0.74107818229836, E0_q1: 0.7525642051842194, E1_q0: -2.3356741570736967, E1_q1: -1.2355470116700378,
  U00_q0: -4.475463224699745, U00_q1: -4.144590862039112, U10_q0: -0.07963216192027463,
  U10_q1: -0.12853545108165731, U11_q0: 0.005347037313396403, U11_q1: -0.0004496443068287037,
  V00_q0: 0.5922183572311923, V00_q1: 0.5447063769909647, V10_q0: 0.08739584008094467,
  V10_q1: 0.07449610082504841, V11_q0: -0.09669943071978782, V11_q1: 0.01816889214181441,
  Y0s_q0: -1.6175653188518893, Y0s_q1: -1.6248374790156224, Y1s_q0: -1.5012340921368466,
  Y1s_q1: -1.4989742847441074, Z0s_q0: 0.00020949542304947617, Z0s_q1: 0.00020221614658263475,
  Z1s_q0: -2.896919683887683e-06, Z1s_q1: -6.651852027625859e-07}
