{E0_q0: 0.7007972980008306, E0_q1: 0.7137644908862235, E1_q0: -0.7693267352463636,
  E1_q1: -4.509573596651662, U00_q0: -10.007917633673795, U00_q1: -6.916460754743009,
  U10_q0: -0.061128336919534794, U10_q1: 0.004591918525003571, U11_q0: 1.2530758826269164e-08,
  U11_q1: 1.1482371628498354e-09, V00_q0: 0.6036469819920133, V00_q1: 0.5127762535749171,
  V10_q0: 0.009797454428168225, V10_q1: 0.038475783974321234, V11_q0: 0.00010085224406701926,
  V11_q1: -0.001072632821656836, Y0s_q0: -2.8100516039661816, Y0s_q1: -3.155913585148427,
  Y1s_q0: -1.5006717711721433, Y1s_q1: -1.5022478077904202, Z0s_q0: 1.815434670763476e-05,
  Z0s_q1: 1.717317361217317e-05, Z1s_q0: -3.0870386231857326e-06, Z1s_q1: 7.885274148226799e-07}
