{E0_q0: 1.4378220254154523, E0_q1: 1.4415124826289945, E1_q0: 1.2084020509155655,
  E1_q1: -0.16992584767469487, U00_q0: -28.05790079590661, U00_q1: 1.7640060903462416,
  U10_q0: -2.662599876730103, U10_q1: -1.3298857332259473, U11_q0: 3.9362512788423405e-10,
  U11_q1: -3.293005492677094e-08, V00_q0: 1.803889758209117, V00_q1: 1.5169054905973052,
  V10_q0: -1.1542563809149002, V10_q1: -0.886287061420676, V11_q0: -8.622041243088529e-09,
  V11_q1: -6.206315940569598e-05, Y0s_q0: -1.3980478491567745, Y0s_q1: -4.462422206992887,
  Y1s_q0: -1.517967311383907, Y1s_q1: -3.8535045232603036, Z0s_q0: -7.764361572640656e-05,
  Z0s_q1: -7.323034052571836e-05, Z1s_q0: -0.00019552366778845059, Z1s_q1: -2.707217875718089e-05}
