{E0_q0: 0.7500194347284539, E0_q1: 0.776253611645073, E1_q0: -2.248462717836149, E1_q1: -2.1076600632340763,
  U00_q0: -4.30509101078588, U00_q1: -3.717888207317981, U10_q0: 0.24773655822191407,
  U10_q1: 0.029722455539284126, U11_q0: 1.4334244911316103, U11_q1: -1.5969379693791392,
  V00_q0: 1.0830934263810235, V00_q1: 0.9064190173790921, V10_q0: 0.009400163143781205,
  V10_q1: 0.0009320632059678064, V11_q0: -0.5560019192969876, V11_q1: 0.6563738622130124,
  Y0s_q0: -1.6351063779192834, Y0s_q1: -1.5886198727018204, Y1s_q0: 0.2694647510931276,
  Y1s_q1: -0.4396756377513441, Z0s_q0: 0.00020923258421907194, Z0s_q1: 0.0001954514942776546,
  Z1s_q0: 6.0286447419143874e-05, Z1s_q1: -5.1826193817543213e-05}
