{E0_q0: 0.7323017095084748, E0_q1: 0.7559542056224932, E1_q0: -0.6685143822925045,
  E1_q1: -1.3685711620453975, U00_q0: -4.373435238009161, U00_q1: -3.9881811213772207,
  U10_q0: 0.393151954351023, U10_q1: 0.5172284483011849, U11_q0: -2.9465447066613615e-05,
  U11_q1: -0.003918234174747416, V00_q0: 0.5715674840460455, V00_q1: 0.472382466279581,
  V10_q0: 0.05146365134447875, V10_q1: 0.08162351702605396, V11_q0: -0.0012232672820197766,
  V11_q1: 0.009980192080303929, Y0s_q0: -1.436843566521372, Y0s_q1: -1.4474826919632242,
  Y1s_q0: -1.5634970298322441, Y1s_q1: -1.557795154654697, Z0s_q0: 0.0002133397198405783,
  Z0s_q1: 0.00019599457355357064, Z1s_q0: 2.6925183169632674e-05, Z1s_q1: 4.3017317366104566e-05}
