{E0_q0: 0.7420470724806044, E0_q1: 0.7535038102006629, E1_q0: -0.10822840804798341,
  E1_q1: 7.250750667413924, V00_q0: 0.5177658543659696, V00_q1: 0.4703646342590556,
  V10_q0: -0.292598379948585, V10_q1: 0.06243712615841899, V11_q0: 0.0032800430475252245,
  V11_q1: -0.1895634271783415, Y0s_q0: -1.518376614671167, Y0s_q1: -1.506685841913938,
  Y1s_q0: -1.3432877157677325, Y1s_q1: -1.558351667835712, Z0s_q0: 0.00021081916502820898,
  Z0s_q1: 0.000203857404727225, Z1s_q0: 8.027875875319716e-07, Z1s_q1: -2.1626348351608453e-06}
