{E0_q0: 0.7376789992480822, E0_q1: 0.763500879390183, E1_q0: -1.9888247477597116,
  E1_q1: -1.0221399037235228, U00_q0: -4.360820246465934, U00_q1: -3.9054045208258894,
  U10_q0: -0.25654476051041075, U10_q1: 0.6361180551027972, U11_q0: 0.1796866258336336,
  U11_q1: 0.0070147549362201515, V00_q0: 0.5629682927334829, V00_q1: 0.4687608486428396,
  V10_q0: 0.09044594436252705, V10_q1: 0.10448550556379255, V11_q0: -0.08965050738049818,
  V11_q1: 0.03141731467366813, Y0s_q0: -1.4749955770200687, Y0s_q1: -1.4856476636117715,
  Y1s_q0: -1.491250201524552, Y1s_q1: -1.5006666920697547, Z0s_q0: 0.0002150643693656651,
  Z0s_q1: 0.0001998499517342422, Z1s_q0: -9.583903110347884e-06, Z1s_q1: -2.8693037722061427e-06}
