{E0_q0: 0.7472432834630084, E0_q1: 0.7586222341999184, E1_q0: -0.6999999999999995,
  E1_q1: -0.7999999999999996, E2_q0: -0.7, E2_q1: -0.7999999999999994, E3_q0: -0.7000000000000002,
  E3_q1: -0.8000000000000002, Y0s_q0: -1.6465627779484717, Y0s_q1: -1.6614606946851491,
  Y1s_q0: 0.0, Y1s_q1: 0.0, Y2s_q0: 0.0, Y2s_q1: 0.0, Y3s_q0: 0.0, Y3s_q1: 0.0, Z0s_q0: 0.00021501961956386811,
  Z0s_q1: 0.00020743789460849063, Z1s_q0: 0.0, Z1s_q1: 0.0, Z2s_q0: 0.0, Z2s_q1: 0.0,
  Z3s_q0: 0.0, Z3s_q1: 0.0}
