{E0_q0: 0.6773568460376843, E0_q1: 0.7053171526844163, E1_q0: -1.5414124702752048,
  E1_q1: -2.4752196031613094, E2_q0: 0.3464538668603087, E2_q1: -2.050723304031256,
  U00_q0: -5.04032540766049, U00_q1: -4.46804716155277, U10_q0: -0.21992365765162195,
  U10_q1: 0.295087197502918, U11_q0: -1.200996612713028, U11_q1: -0.9683612579824314,
  U20_q0: -0.06661210280225109, U20_q1: 0.7575703940237949, U21_q0: -0.5752249745348949,
  U21_q1: -0.667603800564297, U22_q0: -8.931174263526392e-14, U22_q1: -0.0032935056869023887,
  V00_q0: 1.083068711200633, V00_q1: 0.8826471756285963, V10_q0: -0.00895141703497893,
  V10_q1: 0.02497809674961292, V11_q0: 1.1683526769739623, V11_q1: -0.37329243074042345,
  V20_q0: 0.3928104315411957, V20_q1: -0.0075856662365955075, V21_q0: 0.9779097953928236,
  V21_q1: 1.0828124232913592, V22_q0: 5.971854795637209e-07, V22_q1: 1.0808493883238164,
  Y0s_q0: -1.499006874716252, Y0s_q1: -1.6384407731255295, Y1s_q0: -1.5622765477738318,
  Y1s_q1: 0.12651485480715874, Y2s_q0: -0.26006009723325224, Y2s_q1: -1.5547296313626964,
  Z0s_q0: 0.00014262898475658848, Z0s_q1: 0.00013062320773152874, Z1s_q0: -0.0001882249689059138,
  Z1s_q1: 3.74769076276558e-05, Z2s_q0: -6.372722280452711e-05, Z2s_q1: -0.0001724931527142003}
