{E0_q0: 0.7494016688673031, E0_q1: 0.7607498234029813, E1_q0: -0.6999999999999997,
  E1_q1: -0.7999999999999999, Y0s_q0: -1.674420302524309, Y0s_q1: -1.6850172343931247,
  Y1s_q0: -5.536702847102722e-17, Y1s_q1: 0.0, Z0s_q0: 0.00021681361977546806, Z0s_q1: 0.00020908644448857023,
  Z1s_q0: 0.0, Z1s_q1: 0.0}
