{E0_q0: 0.7401700262144569, E0_q1: 0.765884493249694, E1_q0: -1.8679698159917881,
  E1_q1: -0.7978610924812355, U00_q0: -4.043981109175908, U00_q1: -3.6243658836843586,
  U10_q0: 0.020464784380550067, U10_q1: 0.4687782083349714, U11_q0: 0.05104242267535668,
  U11_q1: 0.01399293853346483, V00_q0: 0.5366195503986099, V00_q1: 0.4523371147227775,
  V10_q0: 0.09293430887488617, V10_q1: 0.10783425407319831, V11_q0: 0.03616365177181757,
  V11_q1: -0.015824305869444978, Y0s_q0: -1.452605765090278, Y0s_q1: -1.4653162219555225,
  Y1s_q0: -1.4789667127164998, Y1s_q1: -1.5020220152277433, Z0s_q0: 0.00021509529590333688,
  Z0s_q1: 0.0002000254736250408, Z1s_q0: -8.418098220126549e-06, Z1s_q1: -2.7182804153451626e-06}
