{E0_q0: 0.7459777307673774, E0_q1: 0.7573760593077674, E1_q0: -0.7000000000000002,
  E1_q1: -0.8000000000000004, V00_q0: 1.2796790441753771, V00_q1: 1.1728665021139135,
  V10_q0: 0.0, V10_q1: 0.0, V11_q0: 0.0, V11_q1: 0.0, Y0s_q0: -1.617622324853278,
  Y0s_q1: -1.6254252218416485, Y1s_q0: -9.198653289648874e-17, Y1s_q1: 7.638647797702839e-17,
  Z0s_q0: 0.00021136632062340786, Z0s_q1: 0.0002040220488691471, Z1s_q0: 0.0, Z1s_q1: 0.0}
