{E0_q0: 0.7027436090883841, E0_q1: 0.7349465390532852, E1_q0: -1.250463152280123,
  E1_q1: -0.9437240888573637, E2_q0: -1.934254041730646, E2_q1: -0.940650601067667,
  E3_q0: -0.8432444515876132, E3_q1: -1.0529415053926252, U00_q0: -5.898090107421892,
  U00_q1: -4.445165530790411, U10_q0: 2.4901073455209706, U10_q1: -0.5638205262065802,
  U11_q0: -0.24698005372899254, U11_q1: -0.5971843607673405, U20_q0: -1.2536593145365653,
  U20_q1: 2.0798008117317908, U21_q0: -0.36852885971488764, U21_q1: -0.2825344124521904,
  U22_q0: -0.009133728464090902, U22_q1: -0.0036425057933793894, U30_q0: 0.11608215040763621,
  U30_q1: -1.887251522816566, U31_q0: -0.006358852230742654, U31_q1: -0.0002111985137831496,
  U32_q0: 0.0020029282442230304, U32_q1: -0.00041401303440675205, U33_q0: -1.204290645699132e-05,
  U33_q1: -6.055899137999043e-06, V00_q0: 0.5378174701613588, V00_q1: 0.4847665544343757,
  V10_q0: 0.49538820017525637, V10_q1: -0.05923646198414156, V11_q0: -0.12601223850050172,
  V11_q1: 0.19468189197612334, V20_q0: 0.5489023987351589, V20_q1: -0.25740325252827156,
  V21_q0: 0.15453684239813267, V21_q1: -0.1302856224071198, V22_q0: -0.012265864208686328,
  V22_q1: 0.016139137119030443, V30_q0: 0.21980095635671568, V30_q1: -0.27455316415070175,
  V31_q0: -0.01412850246681528, V31_q1: 0.005520821027115811, V32_q0: -0.007165020636016016,
  V32_q1: -0.006089248760422469, V33_q0: -0.0005011369970345081, V33_q1: 0.0005773074530615277,
  Y0s_q0: -1.2880751128988563, Y0s_q1: -1.3731740998092903, Y1s_q0: -3.3927962541693737,
  Y1s_q1: -2.21676208664621, Y2s_q0: -0.7076041413064794, Y2s_q1: -1.428889514253216,
  Y3s_q0: -1.7124688326377273, Y3s_q1: -1.5423004711816841, Z0s_q0: 0.00019035247287230142,
  Z0s_q1: 0.00018276702084678398, Z1s_q0: 0.00010476289364145108, Z1s_q1: 0.00012583912560185293,
  Z2s_q0: -9.969793872803192e-05, Z2s_q1: -6.639916042265045e-05, Z3s_q0: 8.373610604881567e-05,
  Z3s_q1: 5.086167134547736e-05}
