{E0_q0: 0.7253545993706426, E0_q1: 0.7371472728079144, E1_q0: -0.9676871378649758,
  E1_q1: -0.9762436360708616, U00_q0: -4.418293032861828, U00_q1: -4.034712679152248,
  U10_q0: 4.646509921646593, U10_q1: -2.9535185821863608, U11_q0: -0.6230222146505863,
  U11_q1: 0.5488707074805591, V00_q0: 0.5721593401686029, V00_q1: 0.527587498454674,
  V10_q0: -0.0060034560141884645, V10_q1: -0.006016245548766171, V11_q0: -0.20445247794179344,
  V11_q1: -0.2035952777781697, Y0s_q0: -1.6107247124286272, Y0s_q1: -1.6161877076323867,
  Y1s_q0: -1.4189357089146204, Y1s_q1: -1.4500176445919506, Z0s_q0: 0.0001941098309922371,
  Z0s_q1: 0.00018738332905703255, Z1s_q0: -0.00014709001701041324, Z1s_q1: -0.0001429912344559768}
