{E0_q0: 0.7287128560337769, E0_q1: 0.7550080019979126, E1_q0: -1.1973021823104955,
  E1_q1: -1.6772267277343704, E2_q0: -1.3370521967965945, E2_q1: -1.167551360440593,
  U00_q0: -4.181251746379381, U00_q1: -3.481461189553267, U10_q0: 0.25137614352387855,
  U10_q1: 0.06472952698756054, U11_q0: 0.06125474536933425, U11_q1: 0.05291515285281269,
  U20_q0: -0.4398423983555847, U20_q1: 1.5280362675947223, U21_q0: 0.0009479858040790119,
  U21_q1: -0.179267691490064, U22_q0: 0.0011715006931447337, U22_q1: 0.006662034760253764,
  V00_q0: 1.0786588848271548, V00_q1: 0.9130825926101402, V10_q0: 0.04063038500510087,
  V10_q1: -0.0209996849678446, V11_q0: -0.12723303252656687, V11_q1: -0.24206157469452155,
  V20_q0: -0.0111634265811358, V20_q1: 0.00976358936617327, V21_q0: -0.13027816398310535,
  V21_q1: -0.188227346027732, V22_q0: -0.0078510400303208, V22_q1: 0.04638533291614671,
  Y0s_q0: -1.5592275966753648, Y0s_q1: -1.5750876356620838, Y1s_q0: -0.37120334515772174,
  Y1s_q1: 0.06497916527039294, Y2s_q0: -1.9299515638724254, Y2s_q1: -1.6065854684210308,
  Z0s_q0: 0.00019966904775105824, Z0s_q1: 0.00018484597510052612, Z1s_q0: 7.605785586544122e-05,
  Z1s_q1: -4.1292548356881655e-05, Z2s_q0: 0.00013912955473182885, Z2s_q1: 0.0001401015887324533}
