{E0_q0: 0.7455563280264825, E0_q1: 0.7569623545189232, E1_q0: -0.6999999999999994,
  E1_q1: -0.7999999999999998, Y0s_q0: -1.6265305028200236, Y0s_q1: -1.6402926608325152,
  Y1s_q0: -2.0972318388491684e-17, Y1s_q1: 0.0, Z0s_q0: 0.00021672365938576663, Z0s_q1: 0.00020914963403025137,
  Z1s_q0: 0.0, Z1s_q1: 0.0}
