{E0_q0: 0.7408832631782997, E0_q1: 0.766647021763004, E1_q0: -2.3183967990345073,
  E1_q1: -1.2871153514424016, U00_q0: -4.140815118723583, U00_q1: -3.708376993201166,
  U10_q0: -0.126569922589329, U10_q1: 0.4451500919243113, U11_q0: 0.12902199876952758,
  U11_q1: 0.06094002007222195, V00_q0: 0.5363184036824639, V00_q1: 0.4504154660925641,
  V10_q0: -0.058226713483988286, V10_q1: -0.07850806328987428, V11_q0: -0.14274460599633287,
  V11_q1: 0.001457045667088298, Y0s_q0: -1.466401129355714, Y0s_q1: -1.4790397758306741,
  Y1s_q0: -1.4868174341127984, Y1s_q1: -1.4974431771398158, Z0s_q0: 0.00021591091368154135,
  Z0s_q1: 0.00020084321922917954, Z1s_q0: 1.2170470493389027e-05, Z1s_q1: 2.841766564534655e-06}
