{E0_q0: 0.7521569661026382, E0_q1: 0.7635340086666358, E1_q0: -1.4637257471908023,
  E1_q1: -0.6722295046002964, E2_q0: -1.180815591151322, E2_q1: -0.7370267215795169,
  U00_q0: -4.453078740095218, U00_q1: -4.095733409808938, U10_q0: 0.42616986927692363,
  U10_q1: 1.1767083051558644, U11_q0: 0.015006579968291987, U11_q1: 0.13805343460266467,
  U20_q0: -1.2044883719628476, U20_q1: -1.1447907445473273, U21_q0: 0.07721762625616745,
  U21_q1: 0.03841971758363467, U22_q0: 0.08673309252320252, U22_q1: 0.0006855891387261846,
  V00_q0: 1.230702290062278, V00_q1: 1.1373296556230783, V10_q0: 0.11488276910792246,
  V10_q1: 0.02560785061842263, V11_q0: -0.34966158084216337, V11_q1: 0.6545321240586774,
  V20_q0: 0.06662438050836288, V20_q1: 0.053795824510528, V21_q0: -0.7792226993105901,
  V21_q1: 1.1595678880135956, V22_q0: -0.8341927483288658, V22_q1: -0.1440773600958649,
  Y0s_q0: -1.733745382203029, Y0s_q1: -1.7634378916579607, Y1s_q0: 0.08332120121427194,
  Y1s_q1: 0.4925126476674617, Y2s_q0: -1.2328538400902447, Y2s_q1: 0.05641189724885102,
  Z0s_q0: 0.00021232059121640437, Z0s_q1: 0.0002046375087540025, Z1s_q0: 1.6512475412895334e-05,
  Z1s_q1: -9.516967936193381e-05, Z2s_q0: -9.849641367546705e-05, Z2s_q1: -3.721697693596741e-05}
