{E0_q0: 0.7467800511923013, E1_q0: -0.7000000000000004, E2_q0: -0.7000000000000001,
  E3_q0: -0.6999999999999998, V00_q0: 1.3239223721676041, Y0s_q0: -1.7026473830202429,
  Y1s_q0: 0.0, Y2s_q0: 0.0, Y3s_q0: 0.0, Z0s_q0: 0.0002131501212010592, Z1s_q0: 0.0,
  Z2s_q0: 0.0, Z3s_q0: 0.0}
