{E0_q0: 0.7234793514967521, E0_q1: 0.7477480934733535, E1_q0: -0.7, E1_q1: -0.8, E2_q0: -0.7,
  E2_q1: -0.8, Z0s_q0: 0.000211639943972632, Z0s_q1: 0.00019595254897260302, Z1s_q0: 0.0,
  Z1s_q1: 0.0, Z2s_q0: 0.0, Z2s_q1: 0.0}
