{E0_q0: 0.7498011272745897, E0_q1: 0.7751251838101496, E1_q0: -0.7133676013365844,
  E1_q1: -3.290657737707248, U00_q0: -4.126888012569104, U00_q1: -3.6669640570961883,
  U10_q0: 0.1022944801936975, U10_q1: 0.3012322680517961, U11_q0: 3.714547629041944e-11,
  U11_q1: -8.73004085157186e-05, V00_q0: 1.0192259667561594, V00_q1: 0.8492096372644081,
  V10_q0: -0.5351845634337825, V10_q1: 0.41046425312279927, V11_q0: -1.1291332139472322e-05,
  V11_q1: -0.012562857395934551, Y0s_q0: -1.5205808347809338, Y0s_q1: -1.5366933245161811,
  Y1s_q0: 0.01667112500184268, Y1s_q1: 0.03721932152489576, Z0s_q0: 0.00021987147768611311,
  Z0s_q1: 0.00020380768600574564, Z1s_q0: -7.941617122441027e-08, Z1s_q1: 7.322712383339207e-06}
