{E0_q0: 0.732622943524962, E0_q1: 0.7580707134389316, E1_q0: -0.14633034077161586,
  E1_q1: -0.1636635385352753, U00_q0: -4.37437958097364, U00_q1: -3.9484174224240154,
  U10_q0: -0.15627605884655507, U10_q1: 0.13686578742774058, U11_q0: -0.0004753754139735755,
  U11_q1: -0.0013542579745151073, V00_q0: 0.5820988185549542, V00_q1: 0.48519860770864787,
  V10_q0: -0.005556421260499414, V10_q1: 0.004113799824996002, V11_q0: -0.009253937896628492,
  V11_q1: -0.0108334387726315, Y0s_q0: -1.4499966691107093, Y0s_q1: -1.4649944114454876,
  Y1s_q0: -1.896453630574916, Y1s_q1: -1.4409081420874101, Z0s_q0: 0.0002124748214485497,
  Z0s_q1: 0.0001971460451158595, Z1s_q0: 0.00017442030077501495, Z1s_q1: -0.00016158976603945912}
