{E0_q0: 0.7366348464740496, E0_q1: 0.7624728403848673, E1_q0: -1.8244117278758192,
  E1_q1: -0.8830331304793733, U00_q0: -4.334539247532165, U00_q1: -3.8937348930450173,
  U10_q0: 0.04119974862977934, U10_q1: 0.5374964361735888, U11_q0: 0.03611745257850319,
  U11_q1: 0.0018985469818341145, V00_q0: 0.5658991269133475, V00_q1: 0.4717748077134652,
  V10_q0: 0.09702222459621435, V10_q1: 0.11149548038794145, V11_q0: -0.03244027830651216,
  V11_q1: -0.006637125124267126, Y0s_q0: -1.4711455971182832, Y0s_q1: -1.4829134477820163,
  Y1s_q0: -1.5001237456496348, Y1s_q1: -1.4986300240502963, Z0s_q0: 0.00021401663308648252,
  Z0s_q1: 0.00019885526623524452, Z1s_q0: -8.615235144620158e-06, Z1s_q1: -2.9328901615613017e-06}
