{E0_q0: 0.7115279014668991, E0_q1: 0.7293711291786964, E1_q0: -1.3585848283283837,
  E1_q1: -1.5948817744994916, E2_q0: -1.5577934183053028, E2_q1: -1.0202986984386053,
  E3_q0: -0.6999999999568673, E3_q1: -0.7999999999999857, U00_q0: -6.30101058370709,
  U00_q1: -5.784546084586931, U10_q0: 3.7955405121911228, U10_q1: 0.4566197483709605,
  U11_q0: -0.06361312736613563, U11_q1: -0.9761168745318346, U20_q0: -2.6355427342646944,
  U20_q1: -3.915730158949595, U21_q0: -0.017324790918137135, U21_q1: 0.04471484766198539,
  U22_q0: 0.0008497013401969794, U22_q1: -0.0009664597983708234, U30_q0: -4.720067707935534e-15,
  U30_q1: -6.21054093720255e-18, U31_q0: -6.828610604657498e-16, U31_q1: -1.6351144654863444e-20,
  U32_q0: -3.2350630742141206e-15, U32_q1: 4.19606232315196e-19, U33_q0: 2.6727802162562807e-15,
  U33_q1: -6.626510240032537e-29, V00_q0: 0.5214594181003968, V00_q1: 0.3907119800973827,
  V10_q0: 0.33218953701727066, V10_q1: 0.28543053964100834, V11_q0: -0.024861955830642577,
  V11_q1: 0.16549392839559404, V20_q0: 0.5355247326058304, V20_q1: 0.3825230512767683,
  V21_q0: 0.012694771567049862, V21_q1: 0.0392988914110694, V22_q0: 0.005774309820421197,
  V22_q1: 0.004996089641731392, V30_q0: 1.059565359767393e-12, V30_q1: -2.6558423303218434e-13,
  V31_q0: 1.3194468342297e-13, V31_q1: -1.3517034937462386e-13, V32_q0: -2.2965448799292336e-14,
  V32_q1: 6.645478420353524e-15, V33_q0: 4.1250352223972536e-16, V33_q1: -1.521558995394584e-17,
  Y0s_q0: -1.303885048368116, Y0s_q1: -1.2728158263838785, Y1s_q0: -3.1540918827445923,
  Y1s_q1: -2.538484320264188, Y2s_q0: -0.5843262391549202, Y2s_q1: -1.6116004485491762,
  Y3s_q0: -1.4999999999999991, Y3s_q1: -1.5000000000000022, Z0s_q0: 0.00019689400175228525,
  Z0s_q1: 0.0001737959217741063, Z1s_q0: 9.980704780958995e-05, Z1s_q1: 0.00010901832278836103,
  Z2s_q0: -4.4966715195198714e-05, Z2s_q1: -3.8236751953225324e-05, Z3s_q0: 5.12260694458731e-17,
  Z3s_q1: 4.14011751227483e-18}
