{E0_q0: 0.7447853374732366, E0_q1: 0.7562017835923934, E1_q0: 0.0570228860067813,
  E1_q1: -2.5652962054283, U00_q0: -4.67506225187058, U00_q1: -4.408802529054975,
  U10_q0: 0.057783344187995724, U10_q1: -0.7386666517834284, U11_q0: 4.2736725595642615e-06,
  U11_q1: 0.00014521832521009062, V00_q0: 0.5787894356533594, V00_q1: 0.5305803009826278,
  V10_q0: 0.0015925170897626462, V10_q1: 0.0919169904768363, V11_q0: -0.003097179674047432,
  V11_q1: 0.0017808359053224849, Y0s_q0: -1.5745870145541627, Y0s_q1: -1.581636613546901,
  Y1s_q0: -1.5005699243973196, Y1s_q1: -1.5055605175676428, Z0s_q0: 0.00021386142562323165,
  Z0s_q1: 0.0002065746459092506, Z1s_q0: 5.344171799630755e-06, Z1s_q1: 1.7229320148837988e-06}
