{E0_q0: 0.7517106953289936, E0_q1: 0.7630253345529331, E1_q0: -0.7000000000000001,
  E1_q1: -0.7999999999999995, V00_q0: 1.1608024017060519, V00_q1: 1.0756086168902215,
  V10_q0: 0.0, V10_q1: 0.0, V11_q0: 0.0, V11_q1: 0.0, Y0s_q0: -1.6375333358978863,
  Y0s_q1: -1.6445562818970587, Y1s_q0: -3.302885187956706e-17, Y1s_q1: -2.0660874085899305e-17,
  Z0s_q0: 0.00021078469446822847, Z0s_q1: 0.0002034169594685756, Z1s_q0: 0.0, Z1s_q1: 0.0}
