{E0_q0: 0.7397640418767195, E0_q1: 0.7654681319358483, E1_q0: -1.5596586007631315,
  E1_q1: -0.34736246639709195, U00_q0: -4.294429098625484, U00_q1: -3.8344924581615887,
  U10_q0: -0.41625593643971237, U10_q1: 0.9389958688642156, U11_q0: -0.0049512089739992176,
  U11_q1: 0.019916345224391497, V00_q0: 0.5615911926438824, V00_q1: 0.46963993135693993,
  V10_q0: 0.09154963753490365, V10_q1: 0.10601423950149076, V11_q0: 0.018388058990205028,
  V11_q1: -0.00829034490820692, Y0s_q0: -1.4738992783574099, Y0s_q1: -1.4851355474491297,
  Y1s_q0: -1.4978164100046634, Y1s_q1: -1.4974690408181885, Z0s_q0: 0.00021597204701141292,
  Z0s_q1: 0.000200632918196777, Z1s_q0: -7.047026513209588e-06, Z1s_q1: -2.592939746358966e-06}
