{E0_q0: 0.7327756527997333, E0_q1: 0.7577578733064687, E1_q0: -0.20747600507867506,
  E1_q1: -0.23358013438642583, U00_q0: -4.3844129664159315, U00_q1: -3.9726152980306217,
  U10_q0: 0.26049596101875405, U10_q1: 0.2379739643998334, U11_q0: -0.00021179982406072462,
  U11_q1: -0.0009146128462281437, V00_q0: 0.5814432749967051, V00_q1: 0.48347965734949677,
  V10_q0: 0.009429722413566165, V10_q1: 0.02997073777402559, V11_q0: -0.005107968644479115,
  V11_q1: 0.009614782423083843, Y0s_q0: -1.4417165580763747, Y0s_q1: -1.4550691728305014,
  Y1s_q0: -2.6793335880614033, Y1s_q1: -2.423481745209176, Z0s_q0: 0.00021254496655704675,
  Z0s_q1: 0.0001968780918769449, Z1s_q0: 0.00014854810571670373, Z1s_q1: 0.0001431622781572928}
