{E0_q0: 0.7313408796841221, E0_q1: 0.7567964559006303, E1_q0: -0.9204195094798435,
  E1_q1: -1.8340892836492704, E2_q0: -0.7, E2_q1: -0.7999999999999996, E3_q0: -0.6999999999999998,
  E3_q1: -0.8000000000000005, U00_q0: -4.47787584748395, U00_q1: -4.0522736734949945,
  U10_q0: 1.1866308278362516, U10_q1: -1.2453965135748437, U11_q0: -0.052623020200958145,
  U11_q1: 1.6624913357779547, U20_q0: -4.105780999025456e-16, U20_q1: -2.2889422154284193e-28,
  U21_q0: 8.836774155913487e-17, U21_q1: 1.7718151869844538e-30, U22_q0: -2.64336867480204e-16,
  U22_q1: 2.0489033194870397e-58, U30_q0: 1.1636209018540745e-11, U30_q1: 1.1636209018540703e-11,
  U31_q0: 1.1636209018540729e-11, U31_q1: 1.1636209018540726e-11, U32_q0: 1.1636209018540729e-11,
  U32_q1: 1.1636209018540729e-11, U33_q0: 1.1636209018540729e-11, U33_q1: 1.1636209018540729e-11,
  V00_q0: 0.5703480507609536, V00_q1: 0.4730690251868964, V10_q0: 0.02774911261095872,
  V10_q1: 0.050933151201849027, V11_q0: -0.24080093561305205, V11_q1: -0.28229649988123917,
  V20_q0: 4.0945843670735146e-14, V20_q1: -6.319420258940548e-15, V21_q0: 1.775336580994434e-15,
  V21_q1: 2.7868745560621975e-16, V22_q0: -1.487161237415046e-30, V22_q1: -2.5170731759136355e-30,
  V30_q0: 1.3905043429527983e-12, V30_q1: 1.1701110906950065e-12, V31_q0: 1.3961202429013202e-12,
  V31_q1: 1.163951533792734e-12, V32_q0: 1.3963450822228058e-12, V32_q1: 1.1636209251027331e-12,
  V33_q0: 1.3963450822228058e-12, V33_q1: 1.1636200928520566e-12, Y0s_q0: -1.4602893110446578,
  Y0s_q1: -1.5212015841225308, Y1s_q0: -0.2540209084972443, Y1s_q1: 0.2444660862858872,
  Y2s_q0: 1.0609570683650238e-16, Y2s_q1: 1.3029385508480122e-17, Y3s_q0: 3.491110095725521e-12,
  Y3s_q1: 3.4908772631620807e-12, Z0s_q0: 0.0002114802964897429, Z0s_q1: 0.00019405324569851247,
  Z1s_q0: 6.51643117753491e-05, Z1s_q1: 5.607285979619318e-05, Z2s_q0: -7.175009491721182e-18,
  Z2s_q1: -9.738302663776505e-19, Z3s_q0: 2.5516492385151564e-16, Z3s_q1: 2.3383172608060743e-16}
