{E0_q0: 0.7407490431351542, E0_q1: 0.766477089801929, E1_q0: -2.0358702850120682,
  E1_q1: -1.0863047492826279, U00_q0: -4.232207018531047, U00_q1: -3.8138462008221445,
  U10_q0: -0.255584501189952, U10_q1: 0.40373068424166875, U11_q0: 0.8005617951614904,
  U11_q1: 0.03612487893195157, V00_q0: 0.5553546751139029, V00_q1: 0.46439278746761503,
  V10_q0: 0.08702117784013448, V10_q1: 0.09596780256050659, V11_q0: 0.05619255392666406,
  V11_q1: 0.01636890632212087, Y0s_q0: -1.473697998747281, Y0s_q1: -1.4848579680667744,
  Y1s_q0: -1.5002695093658278, Y1s_q1: -1.503157792684003, Z0s_q0: 0.0002157145661672931,
  Z0s_q1: 0.0002005095169092373, Z1s_q0: -1.0183486578172813e-05, Z1s_q1: -3.1686368598286168e-06}
