{E0_q0: 0.7303628556383275, E0_q1: 0.7570071354097095, E1_q0: -2.0204713912898566,
  E1_q1: -2.0306166019471483, U00_q0: -4.484133489179579, U00_q1: -5.083868841190615,
  U10_q0: 0.05293931074327875, U10_q1: 0.46922168702715455, U11_q0: -2.311485967671311,
  U11_q1: 5.320119326304026, V00_q0: 1.014656771832201, V00_q1: 0.8253852557175847,
  V10_q0: 0.0014895278825507274, V10_q1: 0.0055817449472333695, V11_q0: 1.1098529900678853,
  V11_q1: -1.2164958468680094, Y0s_q0: -1.7621354179696356, Y0s_q1: -1.7919535025832436,
  Y1s_q0: -0.40076466442949066, Y1s_q1: -0.43689709777028907, Z0s_q0: 0.00019017770544211104,
  Z0s_q1: 0.00017571718395536864, Z1s_q0: 0.0001140795509073651, Z1s_q1: -0.00010884610784006555}
