{E0_q0: 0.7366543427706402, E0_q1: 0.7628275140146643, E1_q0: -1.9934140054874483,
  E1_q1: -1.5719099122408833, U00_q0: -4.370272357628918, U00_q1: -3.950799700621625,
  U10_q0: 0.1279547493901827, U10_q1: 0.4543806786131121, U11_q0: 0.06783027511319492,
  U11_q1: -0.15638003519496804, V00_q0: 0.5740042494139724, V00_q1: 0.47859192212583607,
  V10_q0: 0.0036017040043213864, V10_q1: -0.0031310788046949663, V11_q0: -0.0728627970493972,
  V11_q1: 0.06496477049126996, Y0s_q0: -1.454771206435457, Y0s_q1: -1.4693975768207335,
  Y1s_q0: -1.511241824466725, Y1s_q1: -1.5340928513272603, Z0s_q0: 0.00021273354588715663,
  Z0s_q1: 0.00019839472956559374, Z1s_q0: 2.7386255050191428e-05, Z1s_q1: -1.9158134453892076e-05}
