{E0_q0: 0.7363413565298862, E0_q1: 0.7478903047944789, E1_q0: -0.8410651425662097,
  E1_q1: -0.8512608249075705, Y0s_q0: -1.5932586742283397, Y0s_q1: -1.601316025845933,
  Y1s_q0: -1.5119292285396573, Y1s_q1: -1.4471236803872445, Z0s_q0: 0.00020793203133160512,
  Z0s_q1: 0.0002007530289348439, Z1s_q0: 8.411786068872848e-05, Z1s_q1: 8.172358198339037e-05}
