{E0_q0: 0.7543903546073959, E0_q1: 0.7656767566777309, E1_q0: -1.6586551256933943,
  E1_q1: 0.7021242365126371, U00_q0: -4.789788482125343, U00_q1: -4.464298774246712,
  U10_q0: -0.0005203641227340425, U10_q1: -0.10463225138816383, U11_q0: 0.0005652876653034186,
  U11_q1: 4.1932282632519115e-06, V00_q0: 1.2361806346006967, V00_q1: 1.1333578638203268,
  V10_q0: -0.016740730014305746, V10_q1: 0.06374321302126017, V11_q0: -0.07410913971632513,
  V11_q1: 0.0034000442348889708, Y0s_q0: -1.7092922507875865, Y0s_q1: -1.7131259023700303,
  Y1s_q0: -0.015218959558705279, Y1s_q1: -0.0010179981354134346, Z0s_q0: 0.00021329490841266835,
  Z0s_q1: 0.0002056169933071099, Z1s_q0: -3.1448974005352495e-06, Z1s_q1: 6.391660034040219e-05}
