{E0_q0: 0.7381151548324414, E0_q1: 0.763788719026656, E1_q0: -1.1033647213980673,
  E1_q1: -1.7129306357207845, U00_q0: -4.348935225350329, U00_q1: -3.947879087259268,
  U10_q0: 0.3207091045372204, U10_q1: 0.48102550607139705, U11_q0: -0.00018533392998528624,
  U11_q1: 0.001038320262033157, V00_q0: 0.5591865313479817, V00_q1: 0.4652240526362508,
  V10_q0: 0.27544096300812854, V10_q1: 0.26125797636911746, V11_q0: 0.013140715243898891,
  V11_q1: -0.021434882026607868, Y0s_q0: -1.463252997687161, Y0s_q1: -1.4749672023394806,
  Y1s_q0: -1.5099704360654236, Y1s_q1: -1.4891696914351216, Z0s_q0: 0.00021521356654306652,
  Z0s_q1: 0.0001998941536774852, Z1s_q0: 2.3720624686946e-06, Z1s_q1: 4.545299364733721e-06}
