{E0_q0: 0.7421796399048735, E0_q1: 0.7540508019329714, E1_q0: -0.1196250545286472,
  E1_q1: -0.4393464745208137, V00_q0: 0.6241431925335246, V00_q1: 0.5698444004524422,
  V10_q0: 0.05188990967583733, V10_q1: 0.32102728562733984, V11_q0: 0.0016276382044619758,
  V11_q1: -0.0005215849243864827, Z0s_q0: 0.00021130519655333647, Z0s_q1: 0.0002042507644592068,
  Z1s_q0: 3.0597537228060966e-05, Z1s_q1: 7.533211584467142e-06}
