{E0_q0: 0.7137877178064373, E0_q1: 0.7410428660715704, E1_q0: -1.8687087903016848,
  E1_q1: -1.8920282196774414, U00_q0: -4.903076331022113, U00_q1: -5.7068252239228325,
  U10_q0: 0.11484228281113994, U10_q1: 0.7799562841081887, U11_q0: -1.2490652073074935,
  U11_q1: 3.038117356723026, V00_q0: 0.9880818650729812, V00_q1: 0.7877679936170038,
  V10_q0: -0.001260846972293503, V10_q1: -0.003640853955370066, V11_q0: 1.322751071925178,
  V11_q1: -1.3804237652188225, Y0s_q0: -1.662614161735433, Y0s_q1: -1.7009891122087462,
  Y1s_q0: -1.220916046921241, Y1s_q1: -1.1877008693582811, Z0s_q0: 0.00017148836497550037,
  Z0s_q1: 0.00015882915839296157, Z1s_q0: -0.00014971304223400698, Z1s_q1: 0.00014001051902010476}
