{E0_q0: 0.7474470165881846, E0_q1: 0.7728354049209133, E1_q0: -0.7394078989694279,
  E1_q1: -3.306702585683837, U00_q0: -4.099883957061892, U00_q1: -3.620702070642575,
  U10_q0: 0.10477406058635706, U10_q1: 0.31427907096108626, U11_q0: 2.988928894544058e-11,
  U11_q1: -6.911246884034117e-05, V00_q0: 0.989264463621041, V00_q1: 0.8244971770797259,
  V10_q0: 0.5529820397381245, V10_q1: -0.43782093711357534, V11_q0: -1.0132787103731053e-05,
  V11_q1: -0.012013037708060332, Y0s_q0: -1.5395734420010532, Y0s_q1: -1.5417239685453399,
  Y1s_q0: 0.01746152050765273, Y1s_q1: 0.049492337780347374, Z0s_q0: 0.00021541042366450368,
  Z0s_q1: 0.00019955052942742483, Z1s_q0: 6.905349810399984e-08, Z1s_q1: -6.9846153598444465e-06}
