{E0_q0: 0.7321369523020494, E0_q1: 0.7580421533777401, E1_q0: -0.7000000000000001,
  E1_q1: -0.7999999999999998, E2_q0: -0.7, E2_q1: -0.7999999999999999, Y0s_q0: -1.4493387597149368,
  Y0s_q1: -1.4578204103081316, Y1s_q0: 0.0, Y1s_q1: 0.0, Y2s_q0: 0.0, Y2s_q1: 0.0,
  Z0s_q0: 0.00021411406234414474, Z0s_q1: 0.00019897100106560243, Z1s_q0: 0.0, Z1s_q1: 0.0,
  Z2s_q0: 0.0, Z2s_q1: 0.0}
