{E0_q0: 0.713364188008783, E0_q1: 0.7384403930704151, E1_q0: -3.0126805102586847,
  E1_q1: -2.0175111007061566, E2_q0: -0.7740815544196217, E2_q1: -0.5545227056614587,
  U00_q0: -3.018347142829708, U00_q1: -4.833512854555059, U10_q0: 0.5278386109870868,
  U10_q1: -2.3787335006478454, U11_q0: -0.3073318285235928, U11_q1: 3.926897148649512,
  U20_q0: -1.7671776033032127, U20_q1: 2.823730497734486, U21_q0: 0.8647056343282808,
  U21_q1: -2.7720478745015726, U22_q0: 0.0014760633898607425, U22_q1: 0.008848632030474542,
  V00_q0: 1.496353052516322, V00_q1: 1.1288965474788801, V10_q0: -0.4274369807979936,
  V10_q1: -0.5344035724923237, V11_q0: 0.24221436354737447, V11_q1: 1.5050354668075538,
  V20_q0: -0.3864127702641074, V20_q1: 0.4404509732552555, V21_q0: 1.2121633347673402,
  V21_q1: -1.129700210222225, V22_q0: -0.008702170490458433, V22_q1: -0.07753588788915307,
  Y0s_q0: -1.9472893929447797, Y0s_q1: -1.6493503803416354, Y1s_q0: 0.693342400415359,
  Y1s_q1: -0.2117603617631612, Y2s_q0: -0.26608558207039, Y2s_q1: 0.007446363973454944,
  Z0s_q0: 0.00018963372303376473, Z0s_q1: 0.00018271889449323668, Z1s_q0: 0.0001010188416336253,
  Z1s_q1: 9.520816870610562e-05, Z2s_q0: 8.261609912715287e-05, Z2s_q1: -6.265713141539116e-05}
