{E0_q0: 0.7425925931719882, E0_q1: 0.7681787547789208, E1_q0: -2.028739518456305,
  E1_q1: -0.8691212920627163, U00_q0: -4.150376521220907, U00_q1: -3.7312397907059043,
  U10_q0: -0.2780979466908176, U10_q1: 0.22057718036036783, U11_q0: 0.02586304208831329,
  U11_q1: 0.0023414309007924877, V00_q0: 0.5535052643043998, V00_q1: 0.46429574119367545,
  V10_q0: -0.16362872096394634, V10_q1: -0.1837289136363785, V11_q0: -0.08764319882585038,
  V11_q1: 0.01946208637438201, Y0s_q0: -1.4800866300841147, Y0s_q1: -1.4900830236315392,
  Y1s_q0: -1.4937836295369342, Y1s_q1: -1.5031616522324083, Z0s_q0: 0.00021733682356356497,
  Z0s_q1: 0.00020186873579908557, Z1s_q0: 5.706197344137774e-06, Z1s_q1: 1.544393754244448e-06}
