{E0_q0: 0.7423866027020739, E0_q1: 0.7674266276279107, E1_q0: -0.8954846124462136,
  E1_q1: -1.025463507990519, E2_q0: -0.7899205368294737, E2_q1: -0.951088244961427,
  E3_q0: -0.7000000000000001, E3_q1: -0.8000000000000004, U00_q0: -4.385932916849058,
  U00_q1: -4.015110491018859, U10_q0: -0.1769204689629163, U10_q1: 1.5499866423431037,
  U11_q0: 0.004954351532267219, U11_q1: -0.055069876691051955, U20_q0: 0.3639615415849087,
  U20_q1: -0.9272496965291753, U21_q0: -0.0017438003688333805, U21_q1: -0.003126784320636917,
  U22_q0: 3.911522825693952e-07, U22_q1: -1.985725233327813e-06, U30_q0: -1.6015653418153408e-17,
  U30_q1: 4.372875965170125e-14, U31_q0: -1.3805050834690258e-16, U31_q1: 4.372875965170125e-14,
  U32_q0: 3.186441916425553e-20, U32_q1: 4.372875965170125e-14, U33_q0: 7.762860663345079e-19,
  U33_q1: 1.595343431352693e-58, V00_q0: 0.5871578876448378, V00_q1: 0.4883992389227122,
  V10_q0: 0.00791588027693688, V10_q1: 0.029983971182298827, V11_q0: -0.10643334933744951,
  V11_q1: -0.09817283875016088, V20_q0: -0.04607852122412389, V20_q1: -0.11159366586544149,
  V21_q0: -0.018963629604757257, V21_q1: -0.01538800624193061, V22_q0: -0.000935172488871333,
  V22_q1: -0.0004912172142012088, V30_q0: 5.170975164489687e-18, V30_q1: 3.4744328437572344e-18,
  V31_q0: 3.442834532697956e-19, V31_q1: -1.3454834167867658e-19, V32_q0: 2.3816809023653343e-20,
  V32_q1: -1.5819618603506814e-20, V33_q0: -9.220789592694072e-38, V33_q1: -1.4310746745422562e-19,
  Y0s_q0: -1.517320188315984, Y0s_q1: -1.5240759446225358, Y1s_q0: -0.03224637124387672,
  Y1s_q1: -0.7111266887652601, Y2s_q0: -0.055467533937929345, Y2s_q1: -0.04363225633092076,
  Y3s_q0: 3.8292384185906996e-16, Y3s_q1: -3.1953853679086486e-17, Z0s_q0: 0.0002182814553547766,
  Z0s_q1: 0.00020186921229231966, Z1s_q0: -5.487046842263034e-05, Z1s_q1: 5.546777690537681e-05,
  Z2s_q0: -2.6113058354400802e-05, Z2s_q1: 1.2861516231596717e-05, Z3s_q0: 1.7847545088901975e-21,
  Z3s_q1: 4.266003318008993e-22}
