{E0_q0: 0.7267561690331723, E0_q1: 0.7385990345458715, E1_q0: -1.58864483958248, E1_q1: -1.5952047247338752,
  U00_q0: -4.35499446584328, U00_q1: -3.8331731776696754, U10_q0: -5.244457944425911,
  U10_q1: 3.4813621868068463, U11_q0: -0.016996211315523115, U11_q1: 0.0006878933488239531,
  V00_q0: 0.6209434769667702, V00_q1: 0.5738368016188703, V10_q0: 0.02914031999250122,
  V10_q1: 0.02927806453677183, V11_q0: 0.03085022915905188, V11_q1: 0.032559919991428175,
  Y0s_q0: -1.599605305714276, Y0s_q1: -1.6096972044872673, Y1s_q0: -1.4948870908272136,
  Y1s_q1: -1.4923995583118421, Z0s_q0: 0.00019308296194214423, Z0s_q1: 0.00018655724165135773,
  Z1s_q0: -0.00010386084155923045, Z1s_q1: -0.00010039178206239036}
