{E0_q0: 0.7316583971024546, E0_q1: 0.7434538579374524, E1_q0: -2.0851161309605835,
  E1_q1: -2.0785707401623896, U00_q0: -4.570654436259069, U00_q1: -3.6734916342663873,
  U10_q0: -6.5964386601731, U10_q1: 1.8210737831534256, U11_q0: -0.04932251459903214,
  U11_q1: 0.562141772784487, V00_q0: 0.6486865753248969, V00_q1: 0.5989246760549382,
  V10_q0: 0.10330951653269126, V10_q1: 0.10128922236536389, V11_q0: -0.10896764360241003,
  V11_q1: -0.10321878656425203, Y0s_q0: -1.5872381869655934, Y0s_q1: -1.577260522067397,
  Y1s_q0: -1.357109884379155, Y1s_q1: -1.5858690441467174, Z0s_q0: 0.00019804185185631382,
  Z0s_q1: 0.00019158968698587206, Z1s_q0: -6.914443926670904e-05, Z1s_q1: -6.602215747315883e-05}
