{E0_q0: 0.7159156793969851, E0_q1: 0.7430901295252224, E1_q0: -1.8619610439499477,
  E1_q1: -1.8843131839668716, U00_q0: -4.684849951922934, U00_q1: -5.439681437017721,
  U10_q0: 0.1085847408597953, U10_q1: 0.7605102142027115, U11_q0: -1.955940073169062,
  U11_q1: 3.2488609137071403, V00_q0: 1.0130276610892528, V00_q1: 0.8151762013736904,
  V10_q0: 0.0011437193704974312, V10_q1: 0.0035943823535197687, V11_q0: 1.240091003971862,
  V11_q1: -1.2840140779359581, Y0s_q0: -1.6514236116629237, Y0s_q1: -1.6899415928772534,
  Y1s_q0: -1.2264672987768708, Y1s_q1: -1.184294171726862, Z0s_q0: 0.00017350365132399266,
  Z0s_q1: 0.00016077224659142146, Z1s_q0: 0.00014723257299305458, Z1s_q1: -0.00013764478180989856}
