{E0_q0: 0.7496135843267872, E0_q1: 0.7609566761756712, E1_q0: -0.7000000000000002,
  E1_q1: -0.7999999999999999, V00_q0: 1.2311758933805732, V00_q1: 1.133408461986872,
  V10_q0: 0.0, V10_q1: 0.0, V11_q0: 0.0, V11_q1: 0.0, Y0s_q0: -1.6412312353905167,
  Y0s_q1: -1.6510484996490242, Y1s_q0: 2.1093530789693507e-16, Y1s_q1: 2.9249888072947203e-16,
  Z0s_q0: 0.00021166572518813132, Z0s_q1: 0.00020423908666584762, Z1s_q0: 0.0, Z1s_q1: 0.0}
