{E0_q0: 0.7353170603993302, E0_q1: 0.7609403227257001, E1_q0: -0.5021957562867857,
  E1_q1: -1.2023133558894912, E2_q0: -1.6878156601879333, E2_q1: -1.2020779081235944,
  U00_q0: -4.491758456981058, U00_q1: -3.8974890458449534, U10_q0: 0.6406781116503183,
  U10_q1: -1.068662076028563, U11_q0: 0.02285270975272897, U11_q1: 0.03447573717079467,
  U20_q0: -3.2948787336775247, U20_q1: -0.4466688060387733, U21_q0: 0.002733685703559069,
  U21_q1: -0.04898450692067999, U22_q0: 8.577463795139351e-06, U22_q1: 0.0015220437215209067,
  V00_q0: 0.5471622252388004, V00_q1: 0.4605136918122231, V10_q0: 0.10474126444515096,
  V10_q1: -0.0031540696387325116, V11_q0: -0.1782957770328475, V11_q1: -0.005875577198635189,
  V20_q0: -0.35262159039213764, V20_q1: 0.0007365341153917817, V21_q0: -0.06881327773471861,
  V21_q1: 0.15134100481307822, V22_q0: -0.005815375086569029, V22_q1: 0.026157270352439584,
  Y0s_q0: -1.48785137437783, Y0s_q1: -1.5058567175978723, Y1s_q0: -1.873072735194001,
  Y1s_q1: -0.02344699689874372, Y2s_q0: 0.421702150562829, Y2s_q1: -1.6598472078915265,
  Z0s_q0: 0.00021074283102599157, Z0s_q1: 0.00019541285103111212, Z1s_q0: 0.00013826096125281863,
  Z1s_q1: 1.1107580941434071e-07, Z2s_q0: 4.5649499747159436e-05, Z2s_q1: 0.00013504135406422994}
