{E0_q0: 0.7403217347430937, E1_q0: -0.6999999999999998, E2_q0: -0.6999999999999996,
  E3_q0: -0.7, Y0s_q0: -1.396085333851459, Y1s_q0: 0.0, Y2s_q0: 0.0, Y3s_q0: 0.0,
  Z0s_q0: 0.00021539686868070159, Z1s_q0: 0.0, Z2s_q0: 0.0, Z3s_q0: 0.0}
