{E0_q0: 0.7304196279600432, E0_q1: 0.7420489863209729, E1_q0: -0.9197823595463188,
  E1_q1: -0.9311610824358375, V00_q0: 0.6069157828689233, V00_q1: 0.5587063999741301,
  V10_q0: -0.01834241052969542, V10_q1: 0.0069059894729386435, V11_q0: 0.3780080173675069,
  V11_q1: 0.13626908346675404, Y0s_q0: -1.595166638404323, Y0s_q1: -1.6046358886126655,
  Y1s_q0: -1.4912450469036054, Y1s_q1: -1.453558717825526, Z0s_q0: 0.00020091928553274855,
  Z0s_q1: 0.00019393684982688754, Z1s_q0: 0.00010988040387929685, Z1s_q1: -0.00010675620744189334}
