{E0_q0: 0.7349635300423686, E0_q1: 0.7609963817669354, E1_q0: -0.8208564900699166,
  E1_q1: -0.59887465388176, E2_q0: -0.7000000036441643, E2_q1: -0.8000000018055053,
  E3_q0: -0.7000000000020941, E3_q1: -0.8000000000000287, U00_q0: -4.360617956625545,
  U00_q1: -3.918179696964885, U10_q0: -2.254466717891073, U10_q1: 0.47094494070313375,
  U11_q0: 0.00032814591048635754, U11_q1: -0.00011653562208625276, U20_q0: -5.2947476883226953e-08,
  U20_q1: -3.6918949672079085e-07, U21_q0: 4.275293959151195e-11, U21_q1: -3.881828488526876e-12,
  U22_q0: 2.0259421359673844e-15, U22_q1: -1.085472403116482e-22, U30_q0: -1.81829099299806e-15,
  U30_q1: 9.235859062060928e-33, U31_q0: 1.7827891816113305e-15, U31_q1: 4.326837047145799e-34,
  U32_q0: 2.5053753194182054e-15, U32_q1: -5.481131036571858e-40, U33_q0: -1.6554076686127647e-15,
  U33_q1: -1.3363823550460978e-51, V00_q0: 0.5747035643878545, V00_q1: 0.47941093584519084,
  V10_q0: -0.12404177183803822, V10_q1: -0.1296811175430386, V11_q0: 0.009964280560129213,
  V11_q1: -0.0032403118277700284, V20_q0: 7.527715293622243e-06, V20_q1: -7.60286847798696e-05,
  V21_q0: -1.128056588263911e-06, V21_q1: -1.8318151013051907e-07, V22_q0: 3.499196845613681e-11,
  V22_q1: 3.5789397592135855e-12, V30_q0: 8.656687701848119e-17, V30_q1: -2.6914474192616238e-17,
  V31_q0: 1.727263761025842e-16, V31_q1: -2.2819328795659286e-17, V32_q0: -2.0164731296398996e-16,
  V32_q1: -1.0598591944333389e-17, V33_q0: 4.817810071252414e-17, V33_q1: 1.3922257941339043e-16,
  Y0s_q0: -1.4613513968118892, Y0s_q1: -1.4710897950480517, Y1s_q0: -1.2040795487402056,
  Y1s_q1: -1.6361661400849161, Y2s_q0: -1.499999997744352, Y2s_q1: -1.5000000050189466,
  Y3s_q0: -1.5000000000000004, Y3s_q1: -1.5000000000000002, Z0s_q0: 0.00021460023577774735,
  Z0s_q1: 0.00019954530700012113, Z1s_q0: 2.4772363648656546e-05, Z1s_q1: 2.1876257481593377e-05,
  Z2s_q0: -1.0265081280546523e-08, Z2s_q1: 2.1123376614738155e-09, Z3s_q0: 4.430304971120962e-21,
  Z3s_q1: -5.42873030487791e-21}
