{E0_q0: 0.7384788096075083, E0_q1: 0.7641601291642335, E1_q0: -0.12835483336140957,
  E1_q1: -0.14901478937309856, E2_q0: 0.18119756180021926, E2_q1: -1.111255122266445,
  U00_q0: -4.262950332351908, U00_q1: -3.837153547108946, U10_q0: -0.5563773023993129,
  U10_q1: -0.31971892685076925, U11_q0: 0.9281457760732061, U11_q1: 0.8691880827569146,
  U20_q0: 4.848616291994315, U20_q1: 2.08452334116191, U21_q0: 0.0016595480779837144,
  U21_q1: -0.025170049689551964, U22_q0: -1.5426477753569946e-10, U22_q1: 4.3074916381086977e-07,
  V00_q0: 0.5619436971170819, V00_q1: 0.47096832183687537, V10_q0: -0.0038621730578613437,
  V10_q1: -0.0013851627022826044, V11_q0: 0.1807484703394053, V11_q1: 0.1004465573645347,
  V20_q0: 0.39403249954662783, V20_q1: -0.15928651203657904, V21_q0: -0.08285015140390957,
  V21_q1: -0.08998285384561082, V22_q0: -7.084163431822576e-06, V22_q1: -8.35616744100779e-05,
  Y0s_q0: -1.5067290974182121, Y0s_q1: -1.5141330694726562, Y1s_q0: -1.4770649652309387,
  Y1s_q1: -1.700534968000253, Y2s_q0: -1.450833621196081, Y2s_q1: -1.4755636770474454,
  Z0s_q0: 0.00021345332749761435, Z0s_q1: 0.00019797237972479879, Z1s_q0: 0.00017285544214611293,
  Z1s_q1: 0.00016026955383479982, Z2s_q0: 3.7825208959001325e-05, Z2s_q1: -2.2299908277409323e-05}
