{E0_q0: 0.7244974465514873, E0_q1: 0.7512694386354719, E1_q0: -1.7773907441844865,
  E1_q1: -1.7920698777489958, U00_q0: -3.7998159391983797, U00_q1: -3.606000181748505,
  U10_q0: 0.03753075995178697, U10_q1: -0.4457487852822285, U11_q0: 3.184192331578911,
  U11_q1: -6.228361181666963, V00_q0: 1.2272057281123583, V00_q1: 1.0394294454228599,
  V10_q0: 0.0017615064577447374, V10_q1: -0.0018852597117319952, V11_q0: -0.8123535785520212,
  V11_q1: 0.761015046656739, Y0s_q0: -1.5975329257500503, Y0s_q1: -1.6085726844740225,
  Y1s_q0: -1.222690116023141, Y1s_q1: -1.243957645939266, Z0s_q0: 0.00018804697451503966,
  Z0s_q1: 0.00017458571201854113, Z1s_q0: 0.000126586276079491, Z1s_q1: -0.00011798942520550078}
