{E0_q0: 0.7402034833244249, E0_q1: 0.7516872242514451, E1_q0: 0.29013338422343676,
  E1_q1: -2.8834070516734505, U00_q0: -4.572885219825017, U00_q1: -4.265715371546363,
  U10_q0: 0.09088968664810801, U10_q1: -0.006900782383397357, U11_q0: 1.0216772636654698e-06,
  U11_q1: -0.0008065026895383066, V00_q0: 0.5645631898350215, V00_q1: 0.5185222222578006,
  V10_q0: 0.0010409966319445969, V10_q1: -0.07026999157975411, V11_q0: -0.0013425888914807105,
  V11_q1: -0.01833453099116403, Y0s_q0: -1.6071819242359022, Y0s_q1: -1.613179312964599,
  Y1s_q0: -1.4976440383425798, Y1s_q1: -1.5026787253120462, Z0s_q0: 0.00020680064582935507,
  Z0s_q1: 0.00019961988342539715, Z1s_q0: 8.029915908612219e-06, Z1s_q1: -2.2639851088206284e-06}
