{E0_q0: 0.7334914154825178, E0_q1: 0.7450797935099519, E1_q0: -0.7375487816570291,
  E1_q1: -0.7477679781363877, V00_q0: 0.6063969929923245, V00_q1: 0.5531189739802553,
  V10_q0: -0.0154602264378802, V10_q1: -0.005599718345618551, V11_q0: 0.033685188476456074,
  V11_q1: 0.039569533091719455, Y0s_q0: -1.613099017942418, Y0s_q1: -1.624717273605952,
  Y1s_q0: -1.4409643277661146, Y1s_q1: -1.3856129512508726, Z0s_q0: 0.00020030728714304954,
  Z0s_q1: 0.0001933033813788967, Z1s_q0: 0.000118530490979886, Z1s_q1: 0.0001153120838091348}
