{E0_q0: 0.7408603676816153, E0_q1: 0.7665240409177172, E1_q0: -1.4351612935343634,
  E1_q1: -0.3653528867838107, U00_q0: -4.348002610222453, U00_q1: -3.9106669124473243,
  U10_q0: -0.45544977376074863, U10_q1: 0.7864904484162849, U11_q0: -0.00025309597201233645,
  U11_q1: 0.0012682288132504008, V00_q0: 0.5616699455054339, V00_q1: 0.4687078607970664,
  V10_q0: -0.09025089281730896, V10_q1: -0.10567627787900301, V11_q0: 0.002205123653863007,
  V11_q1: 0.002590987308128955, Y0s_q0: -1.480709456393904, Y0s_q1: -1.4903510592978233,
  Y1s_q0: -1.4991096520712266, Y1s_q1: -1.4963912547621565, Z0s_q0: 0.00021669527060173542,
  Z0s_q1: 0.0002012603368665347, Z1s_q0: 6.9816194550248775e-06, Z1s_q1: 2.6585967841407125e-06}
