{E0_q0: 0.7314889736566689, E0_q1: 0.7632801379047889, E1_q0: -1.4869963246775735,
  E1_q1: -0.4584317103358658, V00_q0: 0.58712066011357, V00_q1: 0.46414518195827587,
  V10_q0: 0.008123744068228337, V10_q1: 0.1882581350746461, V11_q0: 0.31067065091519436,
  V11_q1: -0.05774392135300757, Z0s_q0: 0.00021254185392806355, Z0s_q1: 0.0002036844749147979,
  Z1s_q0: 6.418836688365744e-05, Z1s_q1: 1.1100645631019078e-05}
