{E0_q0: 0.7430612201791966, E0_q1: 0.768641785425607, E1_q0: -0.4891619486295097,
  E1_q1: -0.7230256683292242, U00_q0: -4.2360267057054175, U00_q1: -3.8590701667774447,
  U10_q0: 0.5367509116828704, U10_q1: -0.18655468017057614, U11_q0: 5.326231175420696e-06,
  U11_q1: 8.803970592718227e-07, V00_q0: 0.578786218645402, V00_q1: 0.4843972676969884,
  V10_q0: 0.04638029738812088, V10_q1: 0.10032644339668312, V11_q0: 0.0029187165094829055,
  V11_q1: -0.00012140396422414892, Y0s_q0: -1.4488147302104808, Y0s_q1: -1.4549089750713728,
  Y1s_q0: -1.6362760275186314, Y1s_q1: -1.4822004807018616, Z0s_q0: 0.0002197576266461347,
  Z0s_q1: 0.0002044323363990659, Z1s_q0: 3.682395740848978e-05, Z1s_q1: 1.3077082996546166e-05}
