{E0_q0: 0.7418477784487064, E0_q1: 0.7739741660854905, E1_q0: -1.4632049183006626,
  E1_q1: 0.550208064803349, V00_q0: 0.5902249012664249, V00_q1: 0.4703403793986218,
  V10_q0: 0.007746237512951802, V10_q1: 0.16752581212630277, V11_q0: 0.28611025404265483,
  V11_q1: -0.2832643125673331, Z0s_q0: 0.00021938395713005037, Z0s_q1: 0.00021055525220931717,
  Z1s_q0: 6.757537434505847e-05, Z1s_q1: 9.327613355561827e-05}
