{E0_q0: 0.7544003189132487, E0_q1: 0.7795474578939122, E1_q0: -0.32480582066981556,
  E1_q1: -2.454644425392201, U00_q0: -4.285235330186949, U00_q1: -3.704792916282555,
  U10_q0: 0.9054925136679421, U10_q1: -0.09497615804302786, U11_q0: 3.8373024362701715e-08,
  U11_q1: -8.004328831011156e-05, V00_q0: 1.0517793076160207, V00_q1: 0.8772160444917392,
  V10_q0: 0.6448804681525226, V10_q1: -0.6237697460497834, V11_q0: -0.0003658480613396691,
  V11_q1: -0.008642724509721252, Y0s_q0: -1.520401223623194, Y0s_q1: -1.525760838209634,
  Y1s_q0: 0.03975485279272881, Y1s_q1: -0.021776531212022634, Z0s_q0: 0.0002206241787198498,
  Z0s_q1: 0.0002046380685829336, Z1s_q0: 1.7793684170528186e-06, Z1s_q1: -4.09212797727186e-06}
