{E0_q0: 0.7097829776986945, E0_q1: 0.7373526576044116, E1_q0: -1.8954279465596822,
  E1_q1: -1.9191528323986253, U00_q0: -4.940611075690494, U00_q1: -5.755485762333496,
  U10_q0: 0.14725002320024097, U10_q1: 1.126867758537532, U11_q0: -1.7508045825212992,
  U11_q1: 2.077887871191032, V00_q0: 0.9929489190040591, V00_q1: 0.7903431378464382,
  V10_q0: 0.0013549147915818249, V10_q1: 0.005186649638409883, V11_q0: 1.3095874057649273,
  V11_q1: -1.3235513481664347, Y0s_q0: -1.6612949771279992, Y0s_q1: -1.7109233278996077,
  Y1s_q0: -1.256145304586006, Y1s_q1: -1.204859795552586, Z0s_q0: 0.0001654386180520816,
  Z0s_q1: 0.00015344096871758276, Z1s_q0: 0.0001560849197612709, Z1s_q1: -0.0001456798491471706}
