{E0_q0: 0.7096528623852063, E0_q1: 0.7343217952280199, E1_q0: 1.9977370659076275,
  E1_q1: -0.8000068434832228, U00_q0: -6.449526798159787, U00_q1: -3.6835038793853823,
  U10_q0: -0.7551345593028672, U10_q1: 6.27575439319911e-10, U11_q0: 1.7944450851201553e-09,
  U11_q1: -6.260162733351431e-10, V00_q0: 0.6212816818738519, V00_q1: 0.5448055275512561,
  V10_q0: -0.373392028229881, V10_q1: -0.0006573216542295612, V11_q0: 3.570564505069166e-11,
  V11_q1: -1.768832281385267e-10, Y0s_q0: -2.4185571531128263, Y0s_q1: -2.5959702321383498,
  Y1s_q0: -1.5058716023791237, Y1s_q1: -1.500000013441047, Z0s_q0: 3.041786357605699e-07,
  Z0s_q1: 4.7096384133520645e-07, Z1s_q0: 0.0002901753732370144, Z1s_q1: 9.243730607540208e-07}
