{E0_q0: 0.7435722756027566, E0_q1: 0.7550050328865684, E1_q0: -1.3581971198926837,
  E1_q1: -2.3270549266367873, U00_q0: -4.502025899608898, U00_q1: -4.198610863967842,
  U10_q0: 0.05933651250065847, U10_q1: -0.4540204318632226, U11_q0: 1.3834795661944386e-07,
  U11_q1: -9.234823877327485e-06, V00_q0: 0.5290016385171925, V00_q1: 0.4865633420283691,
  V10_q0: 0.31118994200110794, V10_q1: 0.23394607378726873, V11_q0: -0.00015780678190520378,
  V11_q1: 0.00031179159719980383, Y0s_q0: -1.5495372110797951, Y0s_q1: -1.5580304400267848,
  Y1s_q0: -1.4996446164840458, Y1s_q1: -1.507832781941625, Z0s_q0: 0.00021305065813479704,
  Z0s_q1: 0.0002058748697556831, Z1s_q0: 1.1893063199752797e-07, Z1s_q1: 7.173234935016516e-07}
