{E0_q0: 0.7275391896479496, E0_q1: 0.7392187531185385, E1_q0: -0.9517580013771058,
  E1_q1: -0.9628315775865577, V00_q0: 0.6066379561025013, V00_q1: 0.5495632757903707,
  V10_q0: 0.014811633663940484, V10_q1: 0.0005458159902046014, V11_q0: 0.051887319965136035,
  V11_q1: 0.09144798677951688, Y0s_q0: -1.6589569913369475, Y0s_q1: -1.6728295367277088,
  Y1s_q0: -1.254388439317221, Y1s_q1: -1.2123537924995387, Z0s_q0: 0.00019239547529701742,
  Z0s_q1: 0.00018549189235556173, Z1s_q0: -0.00012735835358598874, Z1s_q1: -0.00012424316588697062}
