{E0_q0: 0.7450294883996403, E0_q1: 0.7705983645636267, E1_q0: -2.239852566159124,
  E1_q1: -1.1456310044079838, U00_q0: -4.272106866020953, U00_q1: -3.834760311618897,
  U10_q0: -0.7492296304239993, U10_q1: 0.5289304375906472, U11_q0: -0.04409431374183146,
  U11_q1: 0.1434720237023922, V00_q0: 0.5734603602580833, V00_q1: 0.47858694835731086,
  V10_q0: -0.10798273419056685, V10_q1: -0.1215785622082225, V11_q0: -0.04543260391011809,
  V11_q1: -0.08308489784030228, Y0s_q0: -1.4858148553362758, Y0s_q1: -1.4967414666915475,
  Y1s_q0: -1.4867853361953451, Y1s_q1: -1.4974261434185299, Z0s_q0: 0.00021994324380749682,
  Z0s_q1: 0.00020437884715371853, Z1s_q0: 9.889502970627807e-06, Z1s_q1: 2.526055374284337e-06}
