{E0_q0: 0.7477770726140011, E0_q1: 0.7591096418658262, E1_q0: -1.4696285505057631,
  E1_q1: -1.664944691618226, E2_q0: -0.4119788881194401, E2_q1: -1.8862515892705023,
  U00_q0: -4.48943617962355, U00_q1: -4.090275649210937, U10_q0: -1.1826496571460108,
  U10_q1: 0.37508565894978363, U11_q0: 0.3267361470973808, U11_q1: -0.103517445051846,
  U20_q0: -0.03499227162506435, U20_q1: 0.18725941791782624, U21_q0: 0.32639876551360303,
  U21_q1: -0.01331335469927947, U22_q0: 2.713487779178455e-07, U22_q1: -0.09368041838456315,
  V00_q0: 1.2364696107737543, V00_q1: 1.1424035566185708, V10_q0: 0.057783282921896405,
  V10_q1: 0.08783738860734616, V11_q0: 0.8511694086483534, V11_q1: 1.1444796639795025,
  V20_q0: -0.012707125549856474, V20_q1: 0.03036403399449023, V21_q0: -0.6729803433063176,
  V21_q1: 0.030291330365189405, V22_q0: 0.0007190264120911019, V22_q1: 1.0420363981693752,
  Y0s_q0: -1.7545031272796106, Y0s_q1: -1.7984971785141364, Y1s_q0: -1.2223134359457186,
  Y1s_q1: -0.5783392522905886, Y2s_q0: -0.1397806110049402, Y2s_q1: 0.2191564121642234,
  Z0s_q0: 0.00020773408823292224, Z0s_q1: 0.0001998236862210895, Z1s_q0: -7.284329021754717e-05,
  Z1s_q1: -5.739943019347955e-05, Z2s_q0: 4.941557673581862e-05, Z2s_q1: 4.97285429765543e-05}
