{E0_q0: 0.742410328450438, E0_q1: 0.7538656840683838, E1_q0: -0.7166295244361781,
  E1_q1: -0.8224614331360169, Y0s_q0: -1.5691832758656539, Y0s_q1: -1.5745597299158367,
  Y1s_q0: -1.4991294559251787, Y1s_q1: -1.500845756933898, Z0s_q0: 0.00021562497428370561,
  Z0s_q1: 0.0002082964701525708, Z1s_q0: 5.937585349769642e-06, Z1s_q1: 5.1579280363741165e-06}
