{E0_q0: 0.7236072606512675, E0_q1: 0.7501135947617465, E1_q0: -1.2678017272991497,
  E1_q1: -1.2060637389731679, E2_q0: -1.1129052270948958, E2_q1: -1.1941933157161821,
  V00_q0: 0.5914977445775115, V00_q1: 0.48065935173182195, V10_q0: 0.02324138277739085,
  V10_q1: -0.1943305341167342, V11_q0: 0.0008816163676092497, V11_q1: -0.00023133193534422778,
  V20_q0: 0.004555759473344033, V20_q1: 0.026143199820216588, V21_q0: -0.007254675856185125,
  V21_q1: -0.0022210876702484046, V22_q0: 0.006306503505365211, V22_q1: 0.018643131667781348,
  Y0s_q0: -1.442944098471837, Y0s_q1: -1.4571491459606067, Y1s_q0: -0.09439404878330698,
  Y1s_q1: -0.0004996015119198787, Y2s_q0: -2.2871914986153103, Y2s_q1: -2.022696924144877,
  Z0s_q0: 0.00020639290672514935, Z0s_q1: 0.00019208544301477841, Z1s_q0: -1.9952169908320108e-05,
  Z1s_q1: 1.8201203770612255e-06, Z2s_q0: 0.00015495715453041117, Z2s_q1: 0.00014469420090604753}
