{E0_q0: 0.7191903332137, E0_q1: 0.750253097764148, E1_q0: -1.3944616789026443, E1_q1: -0.5638496692259971,
  V00_q0: 0.5812124825019616, V00_q1: 0.45933726832147037, V10_q0: 0.007695236541446867,
  V10_q1: 0.17129390377701229, V11_q0: 0.29967679596225755, V11_q1: -0.05094261126588137,
  Z0s_q0: 0.00020600360048623003, Z0s_q1: 0.00019689747857866638, Z1s_q0: 6.478669583232557e-05,
  Z1s_q1: 1.0880364393619233e-05}
