{E0_q0: 0.7376893088763566, E0_q1: 0.749254043057032, E1_q0: -1.989221987689641, E1_q1: -1.9384219556923368,
  U00_q0: -4.568158761833512, U00_q1: -3.788380161511193, U10_q0: -6.728508777310389,
  U10_q1: 2.921858807913307, U11_q0: -1.0490784626933285, U11_q1: -0.1957564231903962,
  V00_q0: 0.5788257062778323, V00_q1: 0.53346203698797, V10_q0: 0.3045731456376627,
  V10_q1: 0.2991335047438936, V11_q0: -0.07997155651545887, V11_q1: -0.012432724811963817,
  Y0s_q0: -1.5622905302796333, Y0s_q1: -1.5696276920711947, Y1s_q0: -1.6538851914360293,
  Y1s_q1: -1.3769962353339988, Z0s_q0: 0.00020941210039534427, Z0s_q1: 0.00020236112228019004,
  Z1s_q0: -1.5538438937799257e-05, Z1s_q1: -1.4078063254575743e-05}
