{E0_q0: 0.7359440624683213, E0_q1: 0.7442549420969481, E1_q0: -0.8577778900967736,
  E1_q1: -1.2483339919681182, Y0s_q0: -1.5746438832906249, Y0s_q1: -1.5784426237179925,
  Y1s_q0: -1.4226920987568799, Y1s_q1: -1.5322445666658926, Z0s_q0: 0.00020903039454157673,
  Z0s_q1: 0.00019831122022925568, Z1s_q0: 7.56097643320059e-05, Z1s_q1: -7.734273402282156e-05}
