{E0_q0: 0.7350199909529856, E1_q0: -0.7, E2_q0: -0.7000000000000005, E3_q0: -0.7,
  Y0s_q0: -1.3586589416273274, Y1s_q0: 0.0, Y2s_q0: 0.0, Y3s_q0: 0.0, Z0s_q0: 0.00021122888459431044,
  Z1s_q0: 0.0, Z2s_q0: 0.0, Z3s_q0: 0.0}
