{E0_q0: 0.7333893661710147, E0_q1: 0.759250415199452, E1_q0: -0.6999999999999998,
  E1_q1: -0.7999999999999997, V00_q0: 0.5759959601788943, V00_q1: 0.4801623085928597,
  V10_q0: 0.0, V10_q1: 0.0, V11_q0: 0.0, V11_q1: 0.0, Y0s_q0: -1.4462737051753916,
  Y0s_q1: -1.454468564607496, Y1s_q0: -5.516485127534471e-16, Y1s_q1: 0.0, Z0s_q0: 0.00021457134966186285,
  Z0s_q1: 0.0001994317525935102, Z1s_q0: 0.0, Z1s_q1: 0.0}
