{E0_q0: 0.74208349875565, E0_q1: 0.7677668817571122, E1_q0: -2.0694980182990763, E1_q1: -1.35708476196565,
  U00_q0: -4.174922433677213, U00_q1: -3.7929315200405767, U10_q0: -0.4936031078988982,
  U10_q1: 1.531679504672969, U11_q0: 0.16374932143156537, U11_q1: -0.13728506032967056,
  V00_q0: 0.554827128183447, V00_q1: 0.46446261758541846, V10_q0: -0.10212974056866818,
  V10_q1: -0.11997771814606034, V11_q0: -0.23645638904758792, V11_q1: 0.039055958229793984,
  Y0s_q0: -1.4901525524016868, Y0s_q1: -1.5001034988954285, Y1s_q0: -1.4690265981535189,
  Y1s_q1: -1.4876474859805713, Z0s_q0: 0.0002165168005591437, Z0s_q1: 0.00020115098353901104,
  Z1s_q0: 1.0631686664752255e-05, Z1s_q1: 3.872798376793609e-06}
