{E0_q0: 0.693836768592217, E0_q1: 0.727326108812647, E1_q0: -1.9799130278006354, E1_q1: -1.6009712071218096,
  E2_q0: -1.8199921142690056, E2_q1: -1.134852252398372, U00_q0: -5.1787234429141735,
  U00_q1: -3.9253567836063152, U10_q0: -0.23130162300855941, U10_q1: 1.1884093094220247,
  U11_q0: 1.7943959875453885, U11_q1: 0.4236550681501124, U20_q0: -0.7567188901492397,
  U20_q1: 0.06934782106845552, U21_q0: -0.3528702810158976, U21_q1: 1.026197824294283,
  U22_q0: 0.10020690627156498, U22_q1: 0.007275727722319996, V00_q0: 1.2442582879705324,
  V00_q1: 1.0857423114517373, V10_q0: -0.03725209837983634, V10_q1: -0.03846169794243797,
  V11_q0: 1.1551876943572814, V11_q1: 0.3368715845020253, V20_q0: -0.09504476181270136,
  V20_q1: -0.0029993892346156644, V21_q0: -0.9833066228385563, V21_q1: -1.2542585166239,
  V22_q0: 0.2756649238400698, V22_q1: 0.3378008263996986, Y0s_q0: -1.2656929390811618,
  Y0s_q1: -1.448073121661491, Y1s_q0: -2.3085231834782483, Y1s_q1: -1.7373741096534177,
  Y2s_q0: -0.8664094276492816, Y2s_q1: -0.40046080811414353, Z0s_q0: 0.0001535583852350758,
  Z0s_q1: 0.0001540649729839141, Z1s_q0: -0.00013582478391847955, Z1s_q1: 0.00014983608938758244,
  Z2s_q0: -0.00011469879271531203, Z2s_q1: 3.787623011195129e-05}
