{E0_q0: 0.7426120277472311, E0_q1: 0.7540629957730742, E1_q0: -0.7000000000000001,
  E1_q1: -0.8000000000000006, Y0s_q0: -1.6456449933928725, Y0s_q1: -1.6584809816105384,
  Y1s_q0: -3.693444877587296e-16, Y1s_q1: 0.0, Z0s_q0: 0.00021142666614032532, Z0s_q1: 0.00020396075424527384,
  Z1s_q0: 0.0, Z1s_q1: 0.0}
