{E0_q0: 0.7438729761253661, E0_q1: 0.7694875339041769, E1_q0: -2.152618449386213,
  E1_q1: -1.0578682861475697, U00_q0: -4.207756455742191, U00_q1: -3.7769461520109746,
  U10_q0: -0.5423374473541029, U10_q1: 0.7328245207473576, U11_q0: 0.011497544700718702,
  U11_q1: 0.11605795432218795, V00_q0: 0.5643249519562135, V00_q1: 0.4723024646060152,
  V10_q0: -0.09591670305896023, V10_q1: -0.10821141129969433, V11_q0: -0.017679630711676726,
  V11_q1: -0.06680718054611091, Y0s_q0: -1.4800578157888038, Y0s_q1: -1.4913610702572673,
  Y1s_q0: -1.5133819568597517, Y1s_q1: -1.4971038678251931, Z0s_q0: 0.00021959034518751128,
  Z0s_q1: 0.00020408548130623666, Z1s_q0: 1.000000712072434e-05, Z1s_q1: 2.715192856091721e-06}
