{E0_q0: 0.7416701117030908, E0_q1: 0.7671880953064167, E1_q0: 0.601197613480093, E1_q1: -3.365372668338299,
  U00_q0: -4.347692353471343, U00_q1: -4.069101546729052, U10_q0: 0.01101612541325418,
  U10_q1: 1.2188561089267054, U11_q0: 2.7758710858238473e-07, U11_q1: -0.00326017578579588,
  V00_q0: 0.5728686477802316, V00_q1: 0.47083524412608274, V10_q0: -0.0005563070302034978,
  V10_q1: 0.18979163034875945, V11_q0: 8.310299748621725e-05, V11_q1: -0.03551924764508792,
  Y0s_q0: -1.4597862112867717, Y0s_q1: -1.4707945785030268, Y1s_q0: -1.495795107515901,
  Y1s_q1: -1.4828885144838395, Z0s_q0: 0.0002162225175350927, Z0s_q1: 0.00020070385539903895,
  Z1s_q0: -4.5053719157837574e-05, Z1s_q1: 9.513483581744349e-06}
