{E0_q0: 0.7421852147873829, E0_q1: 0.7535057344217035, E1_q0: -0.7301667611718313,
  E1_q1: -3.7121918271721945, U00_q0: -4.513053847578056, U00_q1: -4.26219219690158,
  U10_q0: 0.1078804678103792, U10_q1: -0.43974651230928313, U11_q0: 0.06413820959846976,
  U11_q1: -1.5448926497901687, V00_q0: 0.5707117942223218, V00_q1: 0.5225114250800559,
  V10_q0: -0.0005845644291741505, V10_q1: -0.0557230101350124, V11_q0: -0.25236653471336373,
  V11_q1: -0.8502059362977347, Y0s_q0: -1.577051572056497, Y0s_q1: -1.5844748845504824,
  Y1s_q0: -1.496956936624838, Y1s_q1: -1.6481544344067895, Z0s_q0: 0.0002094838761462676,
  Z0s_q1: 0.0002016347146847706, Z1s_q0: -4.1006529622093415e-06, Z1s_q1: -1.6965504321633667e-05}
