{E0_q0: 0.7410622595244437, E0_q1: 0.7666857601092796, E1_q0: -0.6566620973360671,
  E1_q1: -0.3606103379310097, E2_q0: -0.2560079802574679, E2_q1: -0.6087479783381335,
  U00_q0: -4.2368565332172725, U00_q1: -3.8118013161883795, U10_q0: -0.3007178449374949,
  U10_q1: 0.7546212359355303, U11_q0: 0.0006248643332507557, U11_q1: -0.0002669373395095203,
  U20_q0: 3.0844353666826154, U20_q1: -0.030113799416208165, U21_q0: 0.004849246803671137,
  U21_q1: 4.0139936739033885e-05, U22_q0: 1.6862122538498747e-07, U22_q1: 2.856635460002168e-09,
  V00_q0: 0.5505428041266893, V00_q1: 0.46179291578448495, V10_q0: 0.02158631825866936,
  V10_q1: 0.03633696322512594, V11_q0: 0.020285561605930844, V11_q1: 0.02051118434414071,
  V20_q0: 0.10183879154113912, V20_q1: 0.17264291730737, V21_q0: -0.04374541471940541,
  V21_q1: 0.006273179995608536, V22_q0: 0.0003375710567086833, V22_q1: -7.434682005757123e-05,
  Y0s_q0: -1.4840026789425214, Y0s_q1: -1.4942204390671374, Y1s_q0: -1.493642065097544,
  Y1s_q1: -1.5050172581388248, Y2s_q0: -1.4687202539191044, Y2s_q1: -1.500776491483514,
  Z0s_q0: 0.0002166490518042126, Z0s_q1: 0.0002011544125769744, Z1s_q0: -1.559137360068263e-05,
  Z1s_q1: 2.121467240814275e-05, Z2s_q0: 3.6789423733839205e-05, Z2s_q1: 1.0048889513416676e-05}
