{E0_q0: 0.7550601700374944, E0_q1: 0.7664177202011256, E1_q0: -1.752479030022452,
  E1_q1: -1.7427005667542474, U00_q0: -4.327984226479111, U00_q1: -3.9222507753932834,
  U10_q0: -0.5211378948426332, U10_q1: 0.05794550516069522, U11_q0: 0.007750400583118801,
  U11_q1: -0.009937952739147975, V00_q0: 1.279337086371796, V00_q1: 1.1830014491970233,
  V10_q0: 0.05486914652514069, V10_q1: 0.05917966917213216, V11_q0: -0.012506683183191715,
  V11_q1: -0.01151923345523163, Y0s_q0: -1.7558302653863909, Y0s_q1: -1.815585887088566,
  Y1s_q0: -1.3391849744153461, Y1s_q1: 0.4194446716013388, Z0s_q0: 0.00020971995581042487,
  Z0s_q1: 0.0002020723973010527, Z1s_q0: -5.706582554696917e-05, Z1s_q1: -5.579901510745225e-05}
