{E0_q0: 0.745531905258559, E0_q1: 0.7573807413873669, E1_q0: -0.6511207612378351,
  E1_q1: -0.8, Z0s_q0: 0.00021647138336677006, Z0s_q1: 0.00020929400454683907, Z1s_q0: 1.1979094492610983e-05,
  Z1s_q1: -1.769008588592134e-22}
