{E0_q0: 0.7529975526689334, E0_q1: 0.764564509782057, E1_q0: -1.8466600417431962,
  E1_q1: -1.2607862067259623, E2_q0: -0.8538753733447791, E2_q1: -1.1564727310136458,
  U00_q0: -4.76489379976044, U00_q1: -4.377443128552676, U10_q0: 0.055313864756304426,
  U10_q1: -0.06976122293028582, U11_q0: 0.3254335175474268, U11_q1: 0.0021019627020594854,
  U20_q0: 0.06280435493593425, U20_q1: -0.2613655936369247, U21_q0: 0.008134048029208385,
  U21_q1: 0.008894421757053024, U22_q0: 0.03084873691159208, U22_q1: -0.004154098260117675,
  V00_q0: 1.2068949090428407, V00_q1: 1.1134586165215796, V10_q0: -0.2275210058099731,
  V10_q1: -0.16003940347544182, V11_q0: -1.6059881360111314, V11_q1: -0.7619235006689381,
  V20_q0: -0.05816165928774476, V20_q1: -0.048632437493165905, V21_q0: 0.0837314530443202,
  V21_q1: 0.7883340001370259, V22_q0: -0.4947242283390404, V22_q1: 0.3667447121918627,
  Y0s_q0: -1.7079738523273793, Y0s_q1: -1.7232483658532487, Y1s_q0: 0.034004420520437194,
  Y1s_q1: -0.07030702177845793, Y2s_q0: -1.2471078265580195, Y2s_q1: 0.8152538363276696,
  Z0s_q0: 0.00021336355107536486, Z0s_q1: 0.0002062070703013311, Z1s_q0: -2.9837279525115384e-05,
  Z1s_q1: -3.5321886327112516e-05, Z2s_q0: 0.00010004612423633889, Z2s_q1: 9.690932580274812e-05}
