{E0_q0: 0.7299369029533292, E0_q1: 0.7558105494053298, E1_q0: 0.7754513087220132,
  E1_q1: -1.6020733112170784, E2_q0: -0.5958267933984759, E2_q1: -0.9057776792192745,
  E3_q0: -0.6804167280644787, E3_q1: -0.8080265387328561, U00_q0: -4.491105829799593,
  U00_q1: -4.087338646099971, U10_q0: -0.007193532163900393, U10_q1: 0.29533516688511774,
  U11_q0: -6.099838782876429e-10, U11_q1: 7.582326163313167e-05, U20_q0: -0.003484633557113121,
  U20_q1: -0.4425454919773367, U21_q0: -1.2151285008603105e-09, U21_q1: 4.667311240493997e-06,
  U22_q0: -2.4075338635863533e-09, U22_q1: -6.809625822450964e-08, U30_q0: 0.0005325545972785586,
  U30_q1: 0.03855086340890115, U31_q0: -4.6010953226743646e-11, U31_q1: -1.2559698797763798e-08,
  U32_q0: -2.9008972429279266e-15, U32_q1: -7.243132164460245e-10, U33_q0: 3.805369695008738e-15,
  U33_q1: 1.2948354356835688e-13, V00_q0: 0.5392841741377413, V00_q1: 0.4467030114578936,
  V10_q0: 0.050366957193656595, V10_q1: 0.04380255483267388, V11_q0: -2.2545073400022405e-06,
  V11_q1: -0.017177281407778435, V20_q0: 0.2085200201290124, V20_q1: -0.203050684463722,
  V21_q0: -1.5202607902540989e-07, V21_q1: -0.0006000986284490734, V22_q0: -8.69949249319384e-09,
  V22_q1: 0.0002958036433012481, V30_q0: 0.0019023377557420105, V30_q1: 0.005427834715118352,
  V31_q0: 2.0442785611018282e-10, V31_q1: 7.773521609816738e-05, V32_q0: -2.007402279529069e-11,
  V32_q1: 8.100263317657558e-06, V33_q0: -8.307978976894304e-11, V33_q1: -7.682055371153441e-09,
  Y0s_q0: -1.4484767465411976, Y0s_q1: -1.4594275409917556, Y1s_q0: -1.4999599739587914,
  Y1s_q1: -1.527036983302745, Y2s_q0: -1.5000010760142781, Y2s_q1: -1.652922962629721,
  Y3s_q0: -1.499998659317656, Y3s_q1: -1.497424791959453, Z0s_q0: 0.0002012141365775819,
  Z0s_q1: 0.00018685306438147263, Z1s_q0: 9.911020998555594e-05, Z1s_q1: 7.644125056409466e-06,
  Z2s_q0: 1.2658837923181666e-05, Z2s_q1: -2.560382413799173e-06, Z3s_q0: -2.173375285884783e-06,
  Z3s_q1: -3.0247002970529473e-06}
