{E0_q0: 0.755467716519999, E0_q1: 0.766723181523847, E1_q0: -0.7, E1_q1: -0.7999999999999999,
  V00_q0: 1.1623685124562564, V00_q1: 1.0758948371809944, V10_q0: 0.0, V10_q1: 0.0,
  V11_q0: 0.0, V11_q1: 0.0, Y0s_q0: -1.6208142142812225, Y0s_q1: -1.6287731359210955,
  Y1s_q0: -2.1569454014899934e-16, Y1s_q1: 6.86137837955211e-16, Z0s_q0: 0.00021406768739975655,
  Z0s_q1: 0.00020665536330478118, Z1s_q0: 0.0, Z1s_q1: 0.0}
