{E0_q0: 0.7426004395791185, E0_q1: 0.7540528526751785, E1_q0: -0.7, E1_q1: -0.8000000000000004,
  Y0s_q0: -1.6380028899775345, Y0s_q1: -1.6498728792936905, Y1s_q0: 2.727930042399894e-16,
  Y1s_q1: 0.0, Z0s_q0: 0.00021143751593296126, Z0s_q1: 0.00020400031103457456, Z1s_q0: 0.0,
  Z1s_q1: 0.0}
