{E0_q0: 0.7514459743790322, E1_q0: -0.6999999999999998, E2_q0: -0.6999999999999997,
  E3_q0: -0.6999999999999998, V00_q0: 1.3444354225107518, Y0s_q0: -1.670269580554061,
  Y1s_q0: 0.0, Y2s_q0: 0.0, Y3s_q0: 0.0, Z0s_q0: 0.00021351619313384035, Z1s_q0: 0.0,
  Z2s_q0: 0.0, Z3s_q0: 0.0}
