{E0_q0: 0.728064503479718, E0_q1: 0.7568266366979409, E1_q0: -0.7, E1_q1: -0.8, E2_q0: -0.7,
  E2_q1: -0.8, Z0s_q0: 0.00021625169894313402, Z0s_q1: 0.00020347282782819532, Z1s_q0: 0.0,
  Z1s_q1: 0.0, Z2s_q0: 0.0, Z2s_q1: 0.0}
