{E0_q0: 0.7452072716255973, E1_q0: -0.7, E2_q0: -0.7, E3_q0: -0.6999999999999996,
  U00_q0: -4.0387949846386775, V00_q0: 1.0322167134683105, Y0s_q0: -1.5149611370614608,
  Y1s_q0: 0.0, Y2s_q0: 0.0, Y3s_q0: 0.0, Z0s_q0: 0.0002182544418238865, Z1s_q0: 0.0,
  Z2s_q0: 0.0, Z3s_q0: 0.0}
