{E0_q0: 0.7430132907426649, E0_q1: 0.7506353234024425, E1_q0: -0.47978301465238576,
  E1_q1: -1.3985675467748002, V00_q0: 0.6165600780468169, V00_q1: 0.5618934346590296,
  V10_q0: 0.18238866803720669, V10_q1: 0.05134365364542676, V11_q0: 0.0002770380481263814,
  V11_q1: -0.018889809729583373, Z0s_q0: 0.00021314109441646976, Z0s_q1: 0.00020197865127962567,
  Z1s_q0: -4.177764855444765e-06, Z1s_q1: 5.0311719986624357e-05}
