{E0_q0: 0.7373124193815174, E0_q1: 0.7488421703438582, E1_q0: 0.3498144869687829,
  E1_q1: -1.3223591498608742, V00_q0: 0.5523507451485443, V00_q1: 0.5139303005527808,
  V10_q0: -0.2211971881078824, V10_q1: -0.17580824040611862, V11_q0: 0.001219642958997478,
  V11_q1: 0.00711208564624701, Y0s_q0: -1.5428427363975357, Y0s_q1: -1.5464371371330357,
  Y1s_q0: -1.489964664830584, Y1s_q1: -1.5192472088226765, Z0s_q0: 0.00021177232321283436,
  Z0s_q1: 0.0002046454584502925, Z1s_q0: -9.117200189020216e-06, Z1s_q1: -1.5719151185490698e-06}
