{E0_q0: 0.7225288366570467, E0_q1: 0.7491050122784492, E1_q0: -1.5648482314794503,
  E1_q1: -1.5887032022213818, U00_q0: -4.242546890904508, U00_q1: -4.822036404492793,
  U10_q0: 0.02463845287241859, U10_q1: -0.036954736791624296, U11_q0: -2.4826481634671262,
  U11_q1: 4.937322081960807, V00_q0: 0.9738376745053587, V00_q1: 0.799549816382238,
  V10_q0: 0.0003082410119174647, V10_q1: -0.00038654705665606655, V11_q0: 1.2628843654895539,
  V11_q1: -1.3508960244484136, Y0s_q0: -1.6094337881305376, Y0s_q1: -1.617324033989945,
  Y1s_q0: -1.4892353762332287, Y1s_q1: -1.530465284353063, Z0s_q0: 0.0001816062172844356,
  Z0s_q1: 0.00016806377947008337, Z1s_q0: 0.00015272319121248056, Z1s_q1: -0.00014205365737682266}
