{E0_q0: 0.7605790744724656, E0_q1: 0.7717632985700392, E1_q0: -0.6999999999999996,
  E1_q1: -0.7999999999999997, V00_q0: 1.1134772714940417, V00_q1: 1.0349655941084948,
  V10_q0: 0.0, V10_q1: 0.0, V11_q0: 0.0, V11_q1: 0.0, Y0s_q0: -1.6752881459287117,
  Y0s_q1: -1.674396224785798, Y1s_q0: -2.5521626429097288e-17, Y1s_q1: 0.0, Z0s_q0: 0.0002193347175880941,
  Z0s_q1: 0.00021158114327743835, Z1s_q0: 0.0, Z1s_q1: 0.0}
