{E0_q0: 0.7391832847596079, E0_q1: 0.7648973255070952, E1_q0: -2.134946974027143,
  E1_q1: -0.9653742730116542, U00_q0: -4.274656395065798, U00_q1: -3.8294531660974998,
  U10_q0: 0.08468696183959379, U10_q1: 0.5420913199894698, U11_q0: 0.007783361330919234,
  U11_q1: -0.003188298269586376, V00_q0: 0.5698139639427923, V00_q1: 0.4754947283930117,
  V10_q0: -0.15707499425307045, V10_q1: -0.17465454005409314, V11_q0: -0.03692994390004191,
  V11_q1: 0.020551395198272024, Y0s_q0: -1.4726142225657723, Y0s_q1: -1.481865521711556,
  Y1s_q0: -1.490540446330399, Y1s_q1: -1.496168373636761, Z0s_q0: 0.0002154825124065931,
  Z0s_q1: 0.00020019807425111715, Z1s_q0: 6.489920295411905e-06, Z1s_q1: 1.641255110441242e-06}
