{E0_q0: 0.7451537159669814, E0_q1: 0.7705839497951528, E1_q0: 0.5639165365889284,
  E1_q1: -2.464679381019735, U00_q0: -4.264926788430616, U00_q1: -3.9491964581961256,
  U10_q0: 0.21740129865379323, U10_q1: 0.13308861039905673, U11_q0: 1.4575840842054272e-06,
  U11_q1: -0.0004202163855140216, V00_q0: 0.553269710726916, V00_q1: 0.46057353146962926,
  V10_q0: 0.002071109936725272, V10_q1: -0.1499655544846727, V11_q0: 5.86446897341991e-05,
  V11_q1: -0.026407825659235974, Y0s_q0: -1.4912339926357867, Y0s_q1: -1.5003817694216464,
  Y1s_q0: -1.4920381488998717, Y1s_q1: -1.4977960055516384, Z0s_q0: 0.00021820299287650014,
  Z0s_q1: 0.00020249632679224881, Z1s_q0: 4.138710174374045e-05, Z1s_q1: -5.226178484439393e-06}
