{E0_q0: 0.7348765840927299, E0_q1: 0.7467628255261648, E1_q0: -1.732490504510761,
  E1_q1: -2.0924430229594333, E2_q0: -0.8820121523305424, E2_q1: -0.7077296935123174,
  E3_q0: -0.7000000000000001, E3_q1: -0.8, U00_q0: -4.31154158953102, U00_q1: -3.668024176385935,
  U10_q1: 1.7099196530749867, U11_q1: -2.415115663357572, U20_q1: -1.9138799713190313,
  U21_q1: 2.8549113296018023, U22_q1: 0.0020718442498795404, U30_q1: 1.0e-323, U31_q1: -5.0e-324,
  U32_q1: 5.0e-324, U33_q1: 0.0, V00_q0: 1.2129207753912674, V00_q1: 1.1384978208418564,
  V10_q1: 0.0944918763103956, V11_q1: 0.788325446500079, V20_q1: -0.1518167685501334,
  V21_q1: -1.2165415335945855, V22_q1: -0.01568076382605983, V30_q1: 0.0, V31_q1: 0.0,
  V32_q1: 0.0, V33_q1: 0.0, Y0s_q0: -1.691532314314126, Y0s_q1: -1.7964414861554319,
  Y1s_q0: -1.0531385689142652, Y1s_q1: 0.41987383265580536, Y2s_q0: -0.18887881369465426,
  Y2s_q1: 0.2682731746851719, Y3s_q0: -6.36216476815609e-17, Y3s_q1: -2.069513232234672e-16,
  Z0s_q0: 0.00020496999508608094, Z0s_q1: 0.00019675948371832366, Z1s_q0: -7.437828820045968e-05,
  Z1s_q1: -6.718313156948608e-05, Z2s_q0: -5.436783694201288e-05, Z2s_q1: -8.408241735945038e-05,
  Z3s_q0: 6.625562747138071e-21, Z3s_q1: 1.0235281648478653e-42}
