{E0_q0: 0.7032718241054573, E0_q1: 0.7153223131929738, E1_q0: -0.578278092136206,
  E1_q1: -0.30356812615690437, U00_q0: -7.195323179214239, U00_q1: -3.8768382130818626,
  U10_q0: 56.338487496184385, U10_q1: -1.7643019103040116, U11_q0: -0.09005411780619438,
  U11_q1: -0.07658739253294884, V00_q0: 0.26933639447041, V00_q1: 0.24287564876437528,
  V10_q0: -0.013478563120096527, V10_q1: 0.013783216652189342, V11_q0: -1.4743463183709369,
  V11_q1: -0.2985025234610314, Y0s_q0: -2.591816795560301, Y0s_q1: -2.790534849374614,
  Y1s_q0: -0.8347817385935428, Y1s_q1: -1.5107917029534392, Z0s_q0: 0.00010066261832458925,
  Z0s_q1: 9.530857450735636e-05, Z1s_q0: 3.1652936569999777e-06, Z1s_q1: -4.6234776502603245e-06}
