{E0_q0: 0.749311768859561, E0_q1: 0.7606619823600415, E1_q0: 0.494245193436457, E1_q1: -2.6591879939301046,
  U00_q0: -4.495236783881649, U00_q1: -4.202385834130157, U10_q0: 0.001578625369924576,
  U10_q1: -0.6121020529112952, U11_q0: 1.3563958860142572e-07, U11_q1: -4.684201688603985e-06,
  V00_q0: 0.5676075741423376, V00_q1: 0.522248060822714, V10_q0: 0.00037900891394778005,
  V10_q1: 0.11155571083210272, V11_q0: -0.00035804283870814887, V11_q1: -0.001763719881475995,
  Y0s_q0: -1.5967460282158246, Y0s_q1: -1.6040364266295666, Y1s_q0: -1.4997334753181368,
  Y1s_q1: -1.5072826262311123, Z0s_q0: 0.00021398219850128484, Z0s_q1: 0.00020663484546040405,
  Z1s_q0: -1.5216588594982793e-05, Z1s_q1: 1.0472223403990116e-06}
