{E0_q0: 0.7448349851858187, E0_q1: 0.7571473726255828, E1_q0: -0.03136408556603341,
  E1_q1: 0.07130578154447485, V00_q0: 0.617564411708838, V00_q1: 0.5641593131973474,
  V10_q0: -0.0538864997455209, V10_q1: 0.2591014446429854, V11_q0: 0.0012355152921670804,
  V11_q1: 0.00014847505382125788, Z0s_q0: 0.00021231810416138158, Z0s_q1: 0.000205430065309788,
  Z1s_q0: 3.103149580152144e-05, Z1s_q1: -6.728035794890863e-06}
