{E0_q0: 0.7339795642239375, E0_q1: 0.7598339147060954, E1_q0: 0.09700811952755081,
  E1_q1: -1.1127389484655303, E2_q0: -0.7274923133646102, E2_q1: -0.7766676046759649,
  E3_q0: -0.7001212643043812, E3_q1: -0.7983111714136267, U00_q0: -4.449985285098018,
  U00_q1: -4.0558532160303375, U10_q0: 0.016570536054473336, U10_q1: -0.3149724249788158,
  U11_q0: 0.0012467910110869449, U11_q1: 6.241135140725827e-05, U20_q0: 0.03838291686855415,
  U20_q1: -0.07193449633336477, U21_q0: 3.2071575256950947e-06, U21_q1: -5.60430880328812e-05,
  U22_q0: 2.009643850937418e-10, U22_q1: -6.318487064168597e-10, U30_q0: 0.0002745533315222539,
  U30_q1: 0.0011401404551451139, U31_q0: 9.833438749348587e-09, U31_q1: 1.5725308548064363e-07,
  U32_q0: 1.1701293319732685e-12, U32_q1: 1.5549792053742904e-10, U33_q0: 9.244881313764865e-16,
  U33_q1: 1.6427586244807678e-15, V00_q0: 0.5719093146119035, V00_q1: 0.47472832895344347,
  V10_q0: 0.07565684677330793, V10_q1: 0.06448102874915083, V11_q0: 0.04432785750438202,
  V11_q1: -0.03292214125936224, V20_q0: -0.04145056074480706, V20_q1: 0.018115582550006535,
  V21_q0: -0.010886513315729098, V21_q1: 0.0016649001672677335, V22_q0: 0.0006400668273700928,
  V22_q1: 0.00013764633953423767, V30_q0: -0.005863686708143109, V30_q1: 0.03167886075996013,
  V31_q0: -0.00010190000200429519, V31_q1: 0.0006562122439516354, V32_q0: 1.0639355337311051e-05,
  V32_q1: -5.8771965367868316e-05, V33_q0: 3.990852214933204e-08, V33_q1: -3.4453997307782443e-07,
  Y0s_q0: -1.4552380374787504, Y0s_q1: -1.468091500878932, Y1s_q0: -1.488970013785853,
  Y1s_q1: -1.482334302634256, Y2s_q0: -1.5017757446734488, Y2s_q1: -1.5006761738150236,
  Y3s_q0: -1.500007314628683, Y3s_q1: -1.4998714726723763, Z0s_q0: 0.0002143694121167627,
  Z0s_q1: 0.00019909906058082882, Z1s_q0: 3.8569438663882795e-05, Z1s_q1: 1.4977327941307925e-05,
  Z2s_q0: 3.590689893658684e-05, Z2s_q1: 3.0670284293988375e-06, Z3s_q0: 8.379076903952477e-06,
  Z3s_q1: 1.8705928605190189e-06}
