{E0_q0: 0.7388523175343592, E0_q1: 0.7503467756549815, E1_q0: -0.6175336581459361,
  E1_q1: -0.9040360587011744, Y0s_q0: -1.5897768508751298, Y0s_q1: -1.5979937863232674,
  Y1s_q0: -1.4944942189868926, Y1s_q1: -1.5068339121372893, Z0s_q0: 0.00021297298153517466,
  Z0s_q1: 0.0002056248022355093, Z1s_q0: 1.1823706465280819e-05, Z1s_q1: -9.923758919887577e-06}
