{E0_q0: 0.7356742290151602, E0_q1: 0.747233775406133, E1_q0: 1.3632142396623632, E1_q1: 1.8103801629484895,
  U00_q0: -4.423122414166832, U00_q1: -4.2944303100680346, U10_q0: -0.29390965445611106,
  U10_q1: 3.8912645721158965, U11_q0: 2.4950053333736065e-07, U11_q1: 0.2634566768235279,
  V00_q0: 0.6747027790321162, V00_q1: 0.6209910287818439, V10_q0: 0.018085061179021106,
  V10_q1: -0.00022882257444905497, V11_q0: -0.00022900854377866007, V11_q1: 0.07474274271201573,
  Y0s_q0: -1.5563391574791186, Y0s_q1: -1.560886741778238, Y1s_q0: -1.5106970919382103,
  Y1s_q1: 0.052796615548538366, Z0s_q0: 0.00026184182856570245, Z0s_q1: 0.0002529645763166857,
  Z1s_q0: -7.3852896681209525e-06, Z1s_q1: -1.345762641337353e-06}
