{E0_q0: 0.7419495043192336, E0_q1: 0.7676539429023738, E1_q0: -2.1782073346313995,
  E1_q1: -1.3052222679916199, U00_q0: -4.11222321483201, U00_q1: -3.699468157040282,
  U10_q0: -0.6459927925816297, U10_q1: 0.9623189502767238, U11_q0: -0.09008331800137813,
  U11_q1: -0.13453076516377777, V00_q0: 0.528474214526483, V00_q1: 0.44397397872560157,
  V10_q0: 0.0788321537628829, V10_q1: 0.09364669697875239, V11_q0: -0.009983648341009671,
  V11_q1: -0.03335718939668441, Y0s_q0: -1.4685029586023755, Y0s_q1: -1.481074645733837,
  Y1s_q0: -1.4680149260588446, Y1s_q1: -1.496142969130015, Z0s_q0: 0.00021653926677040204,
  Z0s_q1: 0.00020136581084373976, Z1s_q0: -1.1274866892061986e-05, Z1s_q1: -3.4402951597783693e-06}
