{E0_q0: 0.736850996578833, E0_q1: 0.7626813167303577, E1_q0: -1.8010200910770546,
  E1_q1: -0.8593382967529992, U00_q0: -4.341152672816436, U00_q1: -3.898745041404057,
  U10_q0: 0.21800190873888972, U10_q1: 0.19003437184179678, U11_q0: -0.10236558660271548,
  U11_q1: -0.011225189885297531, V00_q0: 0.5670540724897545, V00_q1: 0.47260092454269786,
  V10_q0: -0.10044537538161455, V10_q1: -0.11344858373921031, V11_q0: -0.0027021597860792134,
  V11_q1: -0.01354795096216434, Y0s_q0: -1.4718628266053453, Y0s_q1: -1.483658947156582,
  Y1s_q0: -1.492824758283004, Y1s_q1: -1.5062821217940356, Z0s_q0: 0.00021426308171981263,
  Z0s_q1: 0.0001990789379257426, Z1s_q0: 8.629957215125414e-06, Z1s_q1: 3.1118185255108873e-06}
