{E0_q0: 0.7312182617617529, E0_q1: 0.7563700188215983, E1_q0: -0.6226217347252393,
  E1_q1: -0.6365834953074969, U00_q0: -4.342562220439625, U00_q1: -3.9280381397986597,
  U10_q0: 0.6108491335709307, U10_q1: -0.022688416032650666, U11_q0: -0.0024979518465130615,
  U11_q1: -0.015440967970611072, V00_q0: 0.5819624117098143, V00_q1: 0.4847760969599334,
  V10_q0: 0.015137196482464697, V10_q1: 0.02314925771308444, V11_q0: -0.01549322588035021,
  V11_q1: 0.04114267494566537, Y0s_q0: -1.4308416858691375, Y0s_q1: -1.4448538525364116,
  Y1s_q0: -2.4985318053492183, Y1s_q1: -2.38257670727075, Z0s_q0: 0.00021021563543546283,
  Z0s_q1: 0.00019482215748938567, Z1s_q0: 0.00012151728345002339, Z1s_q1: 0.00011549597124915893}
