{E0_q0: 0.7461874880401498, E0_q1: 0.7575833749193273, E1_q0: -0.7000000000000003,
  E1_q1: -0.7999999999999998, E2_q0: -0.7, E2_q1: -0.8000000000000008, E3_q0: -0.6999999999999997,
  E3_q1: -0.7999999999999999, Y0s_q0: -1.6272727495191912, Y0s_q1: -1.640068423987878,
  Y1s_q0: 0.0, Y1s_q1: 0.0, Y2s_q0: 0.0, Y2s_q1: 0.0, Y3s_q0: 0.0, Y3s_q1: 0.0, Z0s_q0: 0.0002171177769068971,
  Z0s_q1: 0.00020953116969882953, Z1s_q0: 0.0, Z1s_q1: 0.0, Z2s_q0: 0.0, Z2s_q1: 0.0,
  Z3s_q0: 0.0, Z3s_q1: 0.0}
