{E0_q0: 0.7401895096791768, E0_q1: 0.7516816951584191, E1_q0: -0.2294078863258043,
  E1_q1: 0.09845543215093663, V00_q0: 0.6147769580637052, V00_q1: 0.5623956118570856,
  V10_q0: 0.3691750179936676, V10_q1: -0.32493385301400396, V11_q0: 0.0004216643433629223,
  V11_q1: 0.00033284638236474553, Y0s_q0: -1.5546331199377943, Y0s_q1: -1.5590448627085778,
  Y1s_q0: -1.5031797203975303, Y1s_q1: -1.4955202723378929, Z0s_q0: 0.00021087382212640104,
  Z0s_q1: 0.00020375269458762689, Z1s_q0: -6.291276966789577e-06, Z1s_q1: 8.093899648482573e-06}
