{E0_q0: 0.726322074673672, E1_q0: -0.6999999999999998, E2_q0: -0.6999999999999998,
  E3_q0: -0.7, V00_q0: 1.250213866081732, Z0s_q0: 0.00020645361160127017, Z1s_q0: 0.0,
  Z2s_q0: 0.0, Z3s_q0: 0.0}
