{E0_q0: 0.7352010649484385, E0_q1: 0.7454431562165345, E1_q0: -0.0484747451830684,
  E1_q1: -0.37901355785161744, V00_q0: 1.2429222936618691, V00_q1: 1.137158798839008,
  V10_q0: -0.08697179909449691, V10_q1: 0.01794426790461114, V11_q0: 0.0030847512498551172,
  V11_q1: -0.01684247237817062, Z0s_q0: 0.0002016482207074048, Z0s_q1: 0.00019370963203238715,
  Z1s_q0: 4.0081315225094316e-05, Z1s_q1: -5.4840784306844226e-05}
