{E0_q0: 0.7362713772977965, E0_q1: 0.7589385142109623, E1_q0: -0.7025414887859457,
  E1_q1: -1.2935681427680983, U00_q0: -4.276622451920289, U00_q1: -3.8448289516719907,
  U10_q0: -5.125989229483197, U10_q1: -2.6591372396278663, U11_q0: -4.999997496233533,
  U11_q1: -4.000000024421839, V00_q0: 0.5680301514520281, V00_q1: 0.47029678598374514,
  V10_q0: 0.6012225046647237, V10_q1: -0.08102863305666244, V11_q0: 0.6000000641448562,
  V11_q1: 6.865707522728736e-06, Y0s_q0: -1.4638062565166094, Y0s_q1: -1.4736385863799355,
  Y1s_q0: -1.4977675182145127, Y1s_q1: -1.4655324421276728, Z0s_q0: 0.00021527669565516992,
  Z0s_q1: 0.00019689481729763184, Z1s_q0: -3.5587369839741716e-07, Z1s_q1: -4.823262318304624e-05}
