{E0_q0: 0.7380568119188128, E0_q1: 0.7495845782358788, E1_q0: -0.43793474262043547,
  E1_q1: -0.4455627849058375, Y0s_q0: -1.5966692608950805, Y0s_q1: -1.6038230122832533,
  Y1s_q0: -1.6458938097688098, Y1s_q1: -1.6414800427163, Z0s_q0: 0.000208642065450842,
  Z0s_q1: 0.0002014405207152459, Z1s_q0: 0.00012566056851971564, Z1s_q1: 0.00012192843564780726}
