{E0_q0: 0.741576952115234, E0_q1: 0.7676717452891064, E1_q0: -1.8090349244285562,
  E1_q1: -1.750969987413941, U00_q0: -4.325378852839961, U00_q1: -3.6363967909181425,
  U10_q0: -4.759565587157172, U10_q1: 0.43060008892904017, U11_q0: 0.14715006337888398,
  U11_q1: -0.11007463964125501, V00_q0: 0.5533021359028292, V00_q1: 0.463628201604993,
  V10_q0: -0.09888226963400407, V10_q1: -0.09257749196841136, V11_q0: 0.21345800226315836,
  V11_q1: 0.2284882985423802, Y0s_q0: -1.487772674248853, Y0s_q1: -1.5074478156480078,
  Y1s_q0: -1.512443036175383, Y1s_q1: -1.3352640945168603, Z0s_q0: 0.00020998585423119274,
  Z0s_q1: 0.00019575494701013697, Z1s_q0: 6.099392728580709e-05, Z1s_q1: 5.41034379582285e-05}
