{E0_q0: 0.7379620314843861, E0_q1: 0.7494800649144562, E1_q0: -0.8761529831702402,
  E1_q1: -0.887646923138725, Y0s_q0: -1.5866757897274029, Y0s_q1: -1.593340310458148,
  Y1s_q0: -1.4894139823245598, Y1s_q1: -1.4499560698458303, Z0s_q0: 0.00020961626688211909,
  Z0s_q1: 0.0002024047370208545, Z1s_q0: 7.412287867775814e-05, Z1s_q1: 7.200480091227851e-05}
