{E0_q0: 0.7398370771291006, E0_q1: 0.76557584391097, E1_q0: -1.9517971872248718, E1_q1: -0.9011811551613031,
  U00_q0: -4.245354334841684, U00_q1: -3.8083053767456665, U10_q0: 0.11090590716070753,
  U10_q1: -0.15789068004674675, U11_q0: 0.06273685358506571, U11_q1: 0.007810638386464467,
  V00_q0: 0.5589237674146064, V00_q1: 0.46760184505941577, V10_q0: 0.08556687767692484,
  V10_q1: 0.09932241718030844, V11_q0: -0.020612583192069236, V11_q1: -0.026839140294254837,
  Y0s_q0: -1.4760501633773104, Y0s_q1: -1.4880061341917021, Y1s_q0: -1.4887676039032243,
  Y1s_q1: -1.5038499269115422, Z0s_q0: 0.000214719883123871, Z0s_q1: 0.00019951823615388224,
  Z1s_q0: -9.019740801776403e-06, Z1s_q1: -2.6435308576339192e-06}
