{E0_q0: 0.7496184961677935, E0_q1: 0.7609636476616083, E1_q0: -0.6999999999999994,
  E1_q1: -0.7999999999999994, V00_q0: 1.1993985863878776, V00_q1: 1.1007978948855264,
  V10_q0: 0.0, V10_q1: 0.0, V11_q0: 0.0, V11_q1: 0.0, Y0s_q0: -1.6310437109088218,
  Y0s_q1: -1.6372339465334789, Y1s_q0: -8.172826393520476e-17, Y1s_q1: 7.336178010890131e-17,
  Z0s_q0: 0.00021211515117300068, Z0s_q1: 0.00020471611920121904, Z1s_q0: 0.0, Z1s_q1: 0.0}
