{E0_q0: 0.7155743292887737, E0_q1: 0.7498395942563771, E1_q0: -1.5339642824061877,
  E1_q1: -1.0413542244867602, E2_q0: -1.6356299021322709, E2_q1: -1.294206405811028,
  U00_q0: -7.179985537364558, U00_q1: -5.3555825996123545, U10_q0: 3.163342020698598,
  U10_q1: -0.6641504352364788, U11_q0: -0.0042908508773459725, U11_q1: -0.027642685500491607,
  U20_q0: -2.7066277596770845, U20_q1: -3.4092076245571183, U21_q0: -0.013051002330365631,
  U21_q1: -0.022083058670488653, U22_q0: 0.0032138046300371178, U22_q1: -0.006569928443823297,
  V00_q0: 0.4673824868840725, V00_q1: 0.39655095231873205, V10_q0: 0.5871615880297297,
  V10_q1: 0.5754031117254617, V11_q0: -0.004378384824387167, V11_q1: 0.059559951509062806,
  V20_q0: -0.42943819085463053, V20_q1: -0.3495016603655492, V21_q0: -0.010678888356145761,
  V21_q1: 0.07485647576346782, V22_q0: 0.01210166008427284, V22_q1: 0.031165370891441675,
  Y0s_q0: -1.347214224423194, Y0s_q1: -1.4317621808056962, Y1s_q0: -3.1736250417012903,
  Y1s_q1: -1.240431136911173, Y2s_q0: -0.34928691992971045, Y2s_q1: -2.129929345997412,
  Z0s_q0: 0.0002002202287294265, Z0s_q1: 0.0001944907418694538, Z1s_q0: 7.609739518009352e-05,
  Z1s_q1: 4.660392708119416e-05, Z2s_q0: 6.687595557397578e-05, Z2s_q1: 7.081080429442126e-05}
