{E0_q0: 0.7436847133622674, E0_q1: 0.769844273611467, E1_q0: -1.829489544738714, E1_q1: -1.8033404479579078,
  U00_q0: -4.126972536615068, U00_q1: -3.244034502438207, U10_q0: -8.649405150150631,
  U10_q1: 6.752577892872585, U11_q0: 1.0587421528082075, U11_q1: -1.8390713163741264,
  V00_q0: 1.0824735446751486, V00_q1: 0.9174962313804464, V10_q0: -0.06971287337222655,
  V10_q1: -0.07036330579729147, V11_q0: -0.2625777513634778, V11_q1: -0.26571301164995176,
  Y0s_q0: -1.7129734908527978, Y0s_q1: -1.7139089860219923, Y1s_q0: 0.5746418765940424,
  Y1s_q1: 0.28590291716792193, Z0s_q0: 0.00020725590842232417, Z0s_q1: 0.00019186831264206682,
  Z1s_q0: 7.96423306774695e-05, Z1s_q1: 7.724286665572065e-05}
