{E0_q0: 0.7372055322893334, E0_q1: 0.7632806392621546, E1_q0: -1.0959472334849747,
  E1_q1: -0.957184593474946, E2_q0: -0.11417725072284945, E2_q1: -0.6021964515950102,
  U00_q0: -4.111913715291136, U00_q1: -3.694566483272055, U10_q0: 0.12601722537362936,
  U10_q1: 0.1732195460888544, U11_q0: -0.41264217082888527, U11_q1: 0.04993303026669246,
  U20_q0: 1.583174485063117, U20_q1: 0.7450694169167899, U21_q0: 0.36101944840189926,
  U21_q1: 0.24251077752547096, U22_q0: -1.2341876864149812e-05, U22_q1: -0.00018167310033070238,
  V00_q0: 0.5675181976547095, V00_q1: 0.478785942916125, V10_q0: -0.06724467197087146,
  V10_q1: -0.09603544917171494, V11_q0: -0.28674299068914433, V11_q1: -0.025189344779459392,
  V20_q0: -0.13155011262978836, V20_q1: -0.3280270879876616, V21_q0: -0.3781520276724129,
  V21_q1: 0.08869563964346239, V22_q0: 0.0008537134927658343, V22_q1: 0.003437014098469278,
  Y0s_q0: -1.4821890052743476, Y0s_q1: -1.4916843690966062, Y1s_q0: -1.4356632540679783,
  Y1s_q1: -1.556501324325034, Y2s_q0: -1.524062175351855, Y2s_q1: -1.4816211043249525,
  Z0s_q0: 0.0002126250001918807, Z0s_q1: 0.0001978037029240654, Z1s_q0: 5.325725151759675e-05,
  Z1s_q1: 5.143875993036084e-05, Z2s_q0: -5.6335794282487745e-05, Z2s_q1: -2.2245949079997356e-05}
