{E0_q0: 0.7217190246473345, E0_q1: 0.7311182681531462, E1_q0: -0.6508794291951416,
  E1_q1: -1.1758616672921962, V00_q0: 1.2476655837949624, V00_q1: 1.1369363300385393,
  V10_q0: -0.11011038957552613, V10_q1: -0.027654424615413675, V11_q0: -0.0021377045108746428,
  V11_q1: 0.0038624391317326205, Z0s_q0: 0.00019942141397795462, Z0s_q1: 0.00019078611062848993,
  Z1s_q0: 2.8217996201195935e-05, Z1s_q1: -3.508047842936233e-05}
