{E0_q0: 0.7378813499069354, E0_q1: 0.7635332915354817, E1_q0: 0.6824255126534545,
  E1_q1: -2.7258310376065897, U00_q0: -4.276099338288345, U00_q1: -3.9186029351919434,
  U10_q0: -0.032509593152072566, U10_q1: 0.1772821127069047, U11_q0: 2.9343932671685887e-08,
  U11_q1: 0.0010343653453290507, V00_q0: 0.5690917308890376, V00_q1: 0.4721388992158818,
  V10_q0: 0.01092862655705046, V10_q1: 0.16633775218343597, V11_q0: 0.0001607143406817997,
  V11_q1: -0.01618917192409161, Y0s_q0: -1.4693360501578732, Y0s_q1: -1.4813389211203687,
  Y1s_q0: -1.4951947791454026, Y1s_q1: -1.4487333653011472, Z0s_q0: 0.000214533683027314,
  Z0s_q1: 0.00019912243017875016, Z1s_q0: 6.644580776432633e-05, Z1s_q1: 7.236262246590274e-06}
