{E0_q0: 0.7359238573419153, E0_q1: 0.7474768837722499, E1_q0: -0.8823738547353743,
  E1_q1: -0.8929089965094752, Y0s_q0: -1.5993742600259429, Y0s_q1: -1.609195187491412,
  Y1s_q0: -1.5096062905990648, Y1s_q1: -1.4263020868924685, Z0s_q0: 0.00020643073710671422,
  Z0s_q1: 0.00019927544061826223, Z1s_q0: 9.52851687063732e-05, Z1s_q1: 9.258995152630383e-05}
