{E0_q0: 0.7415405669401126, E0_q1: 0.7530093022212152, E1_q0: -0.79625038499487, E1_q1: -0.809968685851883,
  Y0s_q0: -1.5661631111769754, Y0s_q1: -1.5717184171779444, Y1s_q0: -1.4766382992327736,
  Y1s_q1: -1.5150567950197948, Z0s_q0: 0.00021497010917117103, Z0s_q1: 0.0002076707327460835,
  Z1s_q0: 2.649343064858015e-05, Z1s_q1: 2.5623460919963148e-05}
