{E0_q0: 0.7247043965825275, E1_q0: -0.6999999999999994, E2_q0: -0.6999999999999996,
  E3_q0: -0.7, V00_q0: 1.2710333195314656, Z0s_q0: 0.00020753624093188076, Z1s_q0: 0.0,
  Z2s_q0: 0.0, Z3s_q0: 0.0}
