{E0_q0: 0.7406462399665494, E0_q1: 0.766895939659282, E1_q0: -1.8192611729731796,
  E1_q1: -1.7818083683616803, U00_q0: -4.086549839945392, U00_q1: -3.5907441928166914,
  U10_q0: -0.1839207738846471, U10_q1: -0.23777796039263308, U11_q0: 1.0160814792379982,
  U11_q1: -1.9438802075578017, V00_q0: 1.1044118578937534, V00_q1: 0.9312089181922225,
  V10_q0: 0.008058862535945281, V10_q1: 0.009924753686616975, V11_q0: -0.39084990093062766,
  V11_q1: -0.40103108010316935, Y0s_q0: -1.6279252535779332, Y0s_q1: -1.6218319895481184,
  Y1s_q0: 0.01467131700833871, Y1s_q1: -0.2799578457918347, Z0s_q0: 0.00020864112753913382,
  Z0s_q1: 0.0001937278699719986, Z1s_q0: -7.098024949655261e-05, Z1s_q1: -6.672812933509884e-05}
