{E0_q0: 0.7542404893726806, E0_q1: 0.7655175206843035, E1_q0: -0.6999999999999996,
  E1_q1: -0.8000000000000002, V00_q0: 1.14642351449903, V00_q1: 1.069482361964655,
  V10_q0: 0.0, V10_q1: 0.0, V11_q0: 0.0, V11_q1: 0.0, Y0s_q0: -1.622228858607677,
  Y0s_q1: -1.6269199813485926, Y1s_q0: -6.163989659819768e-17, Y1s_q1: -3.1231850053864376e-17,
  Z0s_q0: 0.0002095253822053394, Z0s_q1: 0.0002022684750835046, Z1s_q0: 0.0, Z1s_q1: 0.0}
