{E0_q0: 0.7354994960042148, E0_q1: 0.7614414072342501, E1_q0: -0.8366678155810696,
  E1_q1: -0.580757643481168, E2_q0: -0.7000000000000001, E2_q1: -0.8, E3_q0: -0.7,
  E3_q1: -0.8, U00_q0: -4.147847342909091, U00_q1: -3.761105618338246, U10_q0: -2.1620861989621822,
  U10_q1: 0.5639077948435803, U11_q0: 0.0006750239314920522, U11_q1: 0.0006185896523743043,
  U20_q0: 4.624171770328303e-16, U20_q1: 1.643951591529989e-28, U21_q0: -9.829600642630157e-16,
  U21_q1: 1.0372388528647528e-33, U22_q0: -1.4050920741913663e-19, U22_q1: 2.4863383628463677e-69,
  U30_q0: 9.247948322315345e-08, U30_q1: 9.247948322315345e-08, U31_q0: 9.247948322315345e-08,
  U31_q1: 9.247948322315345e-08, U32_q0: 9.247948322315345e-08, U32_q1: 9.247948322315345e-08,
  U33_q0: 9.247948322315345e-08, U33_q1: 9.247948322315345e-08, V00_q0: 0.5631984301418644,
  V00_q1: 0.47309000784330224, V10_q0: 0.15305460887535371, V10_q1: 0.15985762944467746,
  V11_q0: -0.018550213306329742, V11_q1: 0.01100123294779543, V20_q0: 1.1267118380571022e-14,
  V20_q1: -5.111271454930324e-15, V21_q0: -2.731111483057446e-17, V21_q1: 1.171014576687684e-17,
  V22_q0: -1.2963717286952995e-31, V22_q1: 7.268226793428907e-37, V30_q0: 1.1097537986776909e-08,
  V30_q1: 9.247948321808183e-09, V31_q0: 1.1097537986776909e-08, V31_q1: 9.24794831802367e-09,
  V32_q0: 1.1097537986776909e-08, V32_q1: 9.247948322314336e-09, V33_q0: 1.1097537986776909e-08,
  V33_q1: 9.247948322315344e-09, Y0s_q0: -1.4661232029669824, Y0s_q1: -1.474486149567861,
  Y1s_q0: 0.4153869654287578, Y1s_q1: -0.3617386105273288, Y2s_q0: 3.3658499363129634e-17,
  Y2s_q1: 1.7058509831750868e-23, Y3s_q0: 2.7743845052953304e-08, Y3s_q1: 2.7743844966946035e-08,
  Z0s_q0: 0.00021372836344700152, Z0s_q1: 0.00019864719715027135, Z1s_q0: -1.9042794078772665e-05,
  Z1s_q1: -1.7870793772242624e-05, Z2s_q0: 7.057794041812489e-18, Z2s_q1: 1.620067589252264e-19,
  Z3s_q0: 2.0345486310067704e-12, Z3s_q1: 1.849589664463137e-12}
