{E0_q0: 0.7441282222211977, E0_q1: 0.755589463208627, E1_q0: -0.8117998409604177,
  E1_q1: -0.3822422705789196, E2_q0: -0.8019983863074371, E2_q1: 0.12697940780751404,
  U00_q0: -4.221276074851604, U00_q1: -3.889826149412632, U10_q0: -0.07991753960412207,
  U10_q1: 2.3224839498096825, U11_q0: 0.01575004433058853, U11_q1: 0.022366895910452305,
  U20_q0: 0.02712001658652493, U20_q1: 0.04801861970205684, U21_q0: -0.021899861330600172,
  U21_q1: -0.0195236985408637, U22_q0: 0.0003536064136037451, U22_q1: -4.059252228617925e-05,
  V00_q0: 1.1833571602567334, V00_q1: 1.094970114671165, V10_q0: -0.005455000154451035,
  V10_q1: -0.027026355875228388, V11_q0: -0.3557294929972094, V11_q1: -0.23915676544620637,
  V20_q0: -0.029303836782645424, V20_q1: -0.023673677748896428, V21_q0: -0.5372624403029127,
  V21_q1: 0.43335918000909385, V22_q0: -0.053620021736657274, V22_q1: 0.010014139161674995,
  Y0s_q0: -1.6682113499698816, Y0s_q1: -1.6843362080155961, Y1s_q0: -0.2518115703643165,
  Y1s_q1: 1.1350593399536915, Y2s_q0: -0.9945485431512, Y2s_q1: 0.02978974603855682,
  Z0s_q0: 0.00020810419256128213, Z0s_q1: 0.00020072727761568849, Z1s_q0: 3.0645988774469246e-05,
  Z1s_q1: 8.029460449854149e-05, Z2s_q0: 0.00010290910008390664, Z2s_q1: 7.488952698764274e-05}
