{E0_q0: 0.7500965401064067, E1_q0: -0.7000000000000004, E2_q0: -0.6999999999999996,
  E3_q0: -0.7, Y0s_q0: -1.6122080080251266, Y1s_q0: 0.0, Y2s_q0: 0.0, Y3s_q0: 0.0,
  Z0s_q0: 0.00021714925896609215, Z1s_q0: 0.0, Z2s_q0: 0.0, Z3s_q0: 0.0}
