{E0_q0: 0.7570361934587236, E0_q1: 0.7682876211231119, E1_q0: -1.8944590425933912,
  E1_q1: -1.927484426508745, U00_q0: -4.695695442421261, U00_q1: -4.339106493944051,
  U10_q0: -0.0715007446452016, U10_q1: -0.3648954882053824, U11_q0: 0.06778145862637001,
  U11_q1: -0.05029404027084845, V00_q0: 1.2318873774917438, V00_q1: 1.1324505671600584,
  V10_q0: -0.5618778608116578, V10_q1: -0.6137568279145549, V11_q0: -0.8223551896496004,
  V11_q1: 0.7494176502518567, Y0s_q0: -1.739567486536395, Y0s_q1: -1.7446604215438926,
  Y1s_q0: -0.271871565223967, Y1s_q1: 0.024405906868396835, Z0s_q0: 0.00021663701661296837,
  Z0s_q1: 0.00020874418508245006, Z1s_q0: 1.1948760654888152e-05, Z1s_q1: 1.1291763496728204e-05}
