{E0_q0: 0.7334160962593643, E0_q1: 0.7450091068842524, E1_q0: -0.6553914955828064,
  E1_q1: -0.6650372279921467, V00_q0: 0.6125657616774196, V00_q1: 0.5608865327852316,
  V10_q0: -0.019246804739914036, V10_q1: 0.009588452301695386, V11_q0: 0.2748063550308653,
  V11_q1: 0.16699989639504775, Y0s_q0: -1.5920894701991195, Y0s_q1: -1.5992824945708688,
  Y1s_q0: -1.4447584425225035, Y1s_q1: -1.4165090919318717, Z0s_q0: 0.0002027739954340867,
  Z0s_q1: 0.0001957650931555763, Z1s_q0: 0.00011159772699237144, Z1s_q1: -0.00010855539570230879}
