{E0_q0: 0.7286003775953029, E0_q1: 0.7402639384767493, E1_q0: 5.052331097913545, E1_q1: -3.1933874658459085,
  V00_q0: 0.4754731892718714, V00_q1: 0.44227959017267615, V10_q0: 1.226058535048348,
  V10_q1: -0.5205925501586117, V11_q0: 0.001643344456213087, V11_q1: 0.0020197010941203843,
  Y0s_q0: -1.5459367925861545, Y0s_q1: -1.5474203373942572, Y1s_q0: -1.5283460323080285,
  Y1s_q1: -1.5105600090718243, Z0s_q0: 0.00018493696109285227, Z0s_q1: 0.00017866902673109242,
  Z1s_q0: 0.00015364273150641355, Z1s_q1: 1.551868044568392e-06}
