{E0_q0: 0.7397615142096652, E0_q1: 0.7654965654218729, E1_q0: -1.7317990287003462,
  E1_q1: -1.2068297797596474, U00_q0: -4.368489108614639, U00_q1: -3.931996053472941,
  U10_q0: -0.12403827549369399, U10_q1: 0.8184390920374609, U11_q0: -0.1471376665197822,
  U11_q1: 0.0178496167739442, V00_q0: 0.5692917365685803, V00_q1: 0.47385908722191894,
  V10_q0: -0.13317796687663538, V10_q1: -0.14678205976381914, V11_q0: -0.048913704096091214,
  V11_q1: 0.021912630040032507, Y0s_q0: -1.4860539241096609, Y0s_q1: -1.4968623331191069,
  Y1s_q0: -1.4782745398666657, Y1s_q1: -1.5249775447356595, Z0s_q0: 0.00021569925905761723,
  Z0s_q1: 0.0002003362664518172, Z1s_q0: 9.547034756242306e-06, Z1s_q1: 4.629944319348261e-06}
