{E0_q0: 1.5864064977091943, E0_q1: 1.5842842289685868, E1_q0: -0.47138035861611893,
  E1_q1: 0.675113106921549, U00_q0: -0.10532099204671767, U00_q1: 28.36552756474738,
  U10_q0: -0.7426487883872777, U10_q1: -113.08588633319174, U11_q0: 0.07325726811315618,
  U11_q1: 1.3839005393038364, V00_q0: -2.8917669849620986, V00_q1: -2.371042305164483,
  V10_q0: 0.08798834262481467, V10_q1: 0.9669176517809929, V11_q0: -0.35990772625044964,
  V11_q1: 2.1539202652604, Y0s_q0: 9.16954382925111, Y0s_q1: 10.76080167495624, Y1s_q0: -0.6617223246146666,
  Y1s_q1: -2.411221231075662, Z0s_q0: 3.0236571774270054e-05, Z0s_q1: 3.726427697346893e-05,
  Z1s_q0: 3.800773829507459e-05, Z1s_q1: -0.00021586675977160747}
