{E0_q0: 0.7468098225779553, E0_q1: 0.7723072718879562, E1_q0: -1.979677752340141,
  E1_q1: -0.9256099875566658, U00_q0: -4.1881010922141915, U00_q1: -3.7870716279435723,
  U10_q0: 0.2642763877419509, U10_q1: 0.2303427337651427, U11_q0: -0.12516340046117294,
  U11_q1: 0.013425322430835265, V00_q0: 0.5624989727209769, V00_q1: 0.47135947683795865,
  V10_q0: -0.09444282305313584, V10_q1: -0.10810391804321973, V11_q0: -0.011167484720415975,
  V11_q1: -0.017385778881097193, Y0s_q0: -1.4939919303282236, Y0s_q1: -1.5054068206242466,
  Y1s_q0: -1.4555992212347566, Y1s_q1: -1.5068364463229849, Z0s_q0: 0.00022026617263312638,
  Z0s_q1: 0.00020458484096479068, Z1s_q0: 8.901085525568857e-06, Z1s_q1: 2.613474985956731e-06}
