{E0_q0: 0.7788777739669375, E0_q1: 0.8031992734641601, E1_q0: 0.079712873769565, E1_q1: -0.2022447590190311,
  U00_q0: -4.029630184146485, U00_q1: -3.6943031591441757, U10_q0: -11.096136977695261,
  U10_q1: -14.749809790457622, U11_q0: -0.24121574641334684, U11_q1: 0.006437984506701963,
  V00_q0: 0.5567686989767641, V00_q1: 0.4713399705312168, V10_q0: -0.17286136512297873,
  V10_q1: 0.03528851268089537, V11_q0: 0.7672375153322635, V11_q1: 0.15383631848163926,
  Y0s_q0: -1.537810226001319, Y0s_q1: -1.5357350337510847, Y1s_q0: -1.5781650959327111,
  Y1s_q1: -1.6637267398232198, Z0s_q0: 0.0001646846566480336, Z0s_q1: 0.0001528107349222331,
  Z1s_q0: -3.2045863266299273e-06, Z1s_q1: 9.67602920543532e-06}
