{E0_q0: 0.7412412711378661, E0_q1: 0.7675787197702824, E1_q0: -1.4883787905762234,
  E1_q1: -1.3564487261339042, U00_q0: -4.088567150159371, U00_q1: -3.4989929345415476,
  U10_q0: 0.02704020311775641, U10_q1: 0.5322221492215727, U11_q0: -0.18859966754708796,
  U11_q1: 0.2757523569126918, V00_q0: 0.9950401496119438, V00_q1: 0.8408780269857978,
  V10_q0: 0.0006205506948773887, V10_q1: 0.006183283999332687, V11_q0: 0.22827500722366117,
  V11_q1: -0.25536653678822513, Y0s_q0: -1.5842453244864276, Y0s_q1: -1.592765671387106,
  Y1s_q0: 0.12748723692429112, Y1s_q1: 0.35675008748481307, Z0s_q0: 0.00021044690688304903,
  Z0s_q1: 0.00019572942799759877, Z1s_q0: 6.383927765612309e-05, Z1s_q1: -6.167127446278643e-05}
