{E0_q0: 0.6373509247614044, E0_q1: 0.6505770958096672, E1_q0: -0.6858435889906594,
  E1_q1: -2.7047850106493967, U00_q0: -6.893454331321374, U00_q1: -3.1322731242479738,
  U10_q0: -1.597751170395186, U10_q1: 0.9159597060745917, U11_q0: 0.033300010245774475,
  U11_q1: -0.1279723909333445, V00_q0: 0.6391294764328518, V00_q1: 0.5814213928988634,
  V10_q0: 0.3570441183201114, V10_q1: -0.07086335868474067, V11_q0: -0.21686700976497433,
  V11_q1: -0.39777816866222165, Y0s_q0: -2.5319100123832006, Y0s_q1: -3.2230463281475203,
  Y1s_q0: -1.4683700450326564, Y1s_q1: -1.5038465579307345, Z0s_q0: -1.66103175395018e-06,
  Z0s_q1: -1.6274277889398494e-06, Z1s_q0: -1.0717752632824766e-06, Z1s_q1: 4.0818637738948025e-07}
