{E0_q0: 0.7429974425312915, E0_q1: 0.7686460007047605, E1_q0: -2.0271908951930615,
  E1_q1: -1.0654999918799095, U00_q0: -4.1497065828820885, U00_q1: -3.750013193737759,
  U10_q0: -0.705300317166641, U10_q1: 1.1968192500029489, U11_q0: 0.04236259833078914,
  U11_q1: 0.05963712925975408, V00_q0: 0.5345741960856827, V00_q1: 0.448496066742973,
  V10_q0: -0.08224095111306212, V10_q1: -0.0952605964958447, V11_q0: 0.030703434324728118,
  V11_q1: -0.017629289018913714, Y0s_q0: -1.4795493422605461, Y0s_q1: -1.4896720626669322,
  Y1s_q0: -1.4969664830606932, Y1s_q1: -1.4933693868710776, Z0s_q0: 0.0002171656685519483,
  Z0s_q1: 0.00020182847209676292, Z1s_q0: 9.979213327823953e-06, Z1s_q1: 2.93741406160632e-06}
