{E0_q0: 0.7473339494880112, E1_q0: -0.6999999999999997, E2_q0: -0.7000000000000003,
  E3_q0: -0.7, Y0s_q0: -1.4461716166649023, Y1s_q0: 0.0, Y2s_q0: 0.0, Y3s_q0: 0.0,
  Z0s_q0: 0.00022634108837465145, Z1s_q0: 0.0, Z2s_q0: 0.0, Z3s_q0: 0.0}
