{E0_q0: 0.7260219170690099, E0_q1: 0.7555437051479788, E1_q0: -1.1625829449807048,
  E1_q1: -0.9229242683651057, E2_q0: -0.7006965326538352, E2_q1: -0.9074343274548088,
  E3_q0: -0.6999999999833332, E3_q1: -0.8000000000000039, U00_q0: -4.659591899822991,
  U00_q1: -4.143603596492909, U10_q0: 0.6835911459590236, U10_q1: -0.4408054633678684,
  U11_q0: -0.028030364819667444, U11_q1: -0.00016275616602848532, U20_q0: -0.16866867218401876,
  U20_q1: -0.9779194997882452, U21_q0: -0.002510716067120769, U21_q1: -7.718764314243245e-06,
  U22_q0: -6.362122861075024e-06, U22_q1: -1.2927042942100943e-06, U30_q0: -2.0697988791887706e-15,
  U30_q1: 3.3291241545357066e-33, U31_q0: -1.5659099449956875e-15, U31_q1: -2.3434295390708807e-36,
  U32_q0: 1.7949766251249615e-15, U32_q1: -6.457129236765453e-36, U33_q0: 4.015610674427533e-16,
  U33_q1: 8.204692038794059e-45, V00_q0: 0.5795631052635585, V00_q1: 0.4871889682611378,
  V10_q0: 0.1110025413420989, V10_q1: 0.028408523973505316, V11_q0: -0.07522684577093215,
  V11_q1: 0.0038333266907699206, V20_q0: -0.1432661561654863, V20_q1: 0.34401056093227084,
  V21_q0: -0.02483112555853508, V21_q1: 0.0007376829950480652, V22_q0: -0.0011192030224033342,
  V22_q1: -0.0003068400328694024, V30_q0: -1.073660823475389e-16, V30_q1: 4.5326854826355507e-17,
  V31_q0: 2.322619831831313e-17, V31_q1: 5.087649879174419e-18, V32_q0: -8.059148208859369e-17,
  V32_q1: -2.6323016814963997e-17, V33_q0: -1.3649022393101287e-17, V33_q1: -5.1902208750547235e-17,
  Y0s_q0: -1.4109895860025254, Y0s_q1: -1.433810144865871, Y1s_q0: -2.259508906817327,
  Y1s_q1: -1.4944868804162839, Y2s_q0: -1.4988803303238734, Y2s_q1: -1.532261325566417,
  Y3s_q0: -1.5000000000000007, Y3s_q1: -1.5000000000000002, Z0s_q0: 0.00021060272978831718,
  Z0s_q1: 0.00019885879087309046, Z1s_q0: 5.11825865476769e-05, Z1s_q1: 4.458055262781237e-06,
  Z2s_q0: 3.5096259979358236e-05, Z2s_q1: -1.1205897693803277e-05, Z3s_q0: -4.193887582834819e-21,
  Z3s_q1: -1.938743680346902e-21}
