{E0_q0: 0.7357658162708638, E0_q1: 0.7620485959227215, E1_q0: -0.04124424602753293,
  E1_q1: -0.30718854248640654, E2_q0: 0.23762627987677512, E2_q1: -0.6584420737158667,
  U00_q0: -4.432564030538911, U00_q1: -4.003931365585697, U10_q0: -0.016076568869183416,
  U10_q1: -1.3357433595958756, U11_q0: -5.888761304247025e-06, U11_q1: -5.1681969779615785e-05,
  U20_q0: -1.0212787563684025, U20_q1: -0.989458254419901, U21_q0: 1.8060954260154112e-06,
  U21_q1: 6.236089001555397e-06, U22_q0: -1.9413501233475915e-09, U22_q1: 6.2176752498270784e-09,
  V00_q0: 0.5686196126673491, V00_q1: 0.4737961323644307, V10_q0: 0.003958997277202211,
  V10_q1: -0.005463288499994251, V11_q0: 0.0035934224572740934, V11_q1: 0.008008702385753743,
  V20_q0: 0.1124671198244776, V20_q1: -0.15522814732723433, V21_q0: -0.0015988849854952955,
  V21_q1: -0.0016328914511980577, V22_q0: 1.790872462824641e-05, V22_q1: 5.3213018890043115e-05,
  Y0s_q0: -1.4670775137669116, Y0s_q1: -1.4760137202778754, Y1s_q0: -1.5041940942806111,
  Y1s_q1: -1.5661220050298044, Y2s_q0: -1.5053483326447177, Y2s_q1: -1.5576212316915101,
  Z0s_q0: 0.00021555123732823776, Z0s_q1: 0.00020053978954019392, Z1s_q0: 6.907352460878306e-05,
  Z1s_q1: -1.1250880748246947e-05, Z2s_q0: -4.68816518616029e-05, Z2s_q1: 1.8050311851370254e-06}
