{E0_q0: 0.7532655181078691, E0_q1: 0.7646287607745151, E1_q0: -1.3651089075877039,
  E1_q1: -1.3573979083693206, U00_q0: -4.699166281312945, U00_q1: -4.318903202198286,
  U10_q0: 0.02664859791201997, U10_q1: -0.0021565940667095215, U11_q0: -0.08112781218578885,
  U11_q1: 0.10779274433277602, V00_q0: 1.2750249870455965, V00_q1: 1.1710908221867085,
  V10_q0: -0.004589918467936742, V10_q1: -0.002113082608347741, V11_q0: 0.17663444126146488,
  V11_q1: 0.1638787096021038, Y0s_q0: -1.7051580140585256, Y0s_q1: -1.7479378187239547,
  Y1s_q0: -1.3130492353150507, Y1s_q1: 0.5102497835808351, Z0s_q0: 0.00021107235371919068,
  Z0s_q1: 0.0002035115219746437, Z1s_q0: -6.277412008070478e-05, Z1s_q1: -6.199243447566561e-05}
