{E0_q0: 0.7424785383669058, E0_q1: 0.7683658346434288, E1_q0: -0.8947828246554136,
  E1_q1: -0.7853133346205968, E2_q0: -0.24370337673460984, E2_q1: -0.150604927999302,
  U00_q0: -4.190495268810467, U00_q1: -3.778481637479205, U10_q0: -0.53820191703905,
  U10_q1: 0.3542857912576935, U11_q0: 1.260280980352712, U11_q1: -0.14385945508987666,
  U20_q0: 2.5350167437694617, U20_q1: -1.050802908065452, U21_q0: 0.7694509751797997,
  U21_q1: -0.008647412123068292, U22_q0: 0.00022349179721638197, U22_q1: -8.308802404959022e-07,
  V00_q0: 0.5526598303029553, V00_q1: 0.46451711792887307, V10_q0: 0.0055843954764741395,
  V10_q1: -0.006500774338635511, V11_q0: -0.05775328903869911, V11_q1: -0.04446946411201164,
  V20_q0: 0.029226507555810872, V20_q1: 0.1242723919193407, V21_q0: 0.22324882705513374,
  V21_q1: -0.06283676874752388, V22_q0: 0.0014857634418922886, V22_q1: 0.00012963664987727545,
  Y0s_q0: -1.5098421600340182, Y0s_q1: -1.5134888265407558, Y1s_q0: -1.4369958446807292,
  Y1s_q1: -1.7451118992588555, Y2s_q0: -1.4518410077253805, Y2s_q1: -1.5048317363007522,
  Z0s_q0: 0.00021590536399022437, Z0s_q1: 0.00020067127147372211, Z1s_q0: 7.190812103018065e-05,
  Z1s_q1: -7.207750892512385e-05, Z2s_q0: 6.30984478399594e-05, Z2s_q1: 1.5819140707374784e-05}
