{E0_q0: 0.7661046614341783, E0_q1: 0.790911854843425, U00_q0: -2.887263053340144,
  U00_q1: -3.1413297777042355, V00_q0: 0.37585327253781464, V00_q1: 0.32856742004132083,
  Y0s_q0: -1.5734897794632505, Y0s_q1: -1.5869209244291718, Z0s_q0: 0.0002204416440849307,
  Z0s_q1: 0.00020416167000282366}
