{E0_q0: 0.7339347586894981, E0_q1: 0.7565263710769577, E1_q0: -0.6919482639242288,
  E1_q1: -1.1671877717724615, U00_q0: -4.398966732969534, U00_q1: -3.9465972664950546,
  U10_q0: -4.991546808436029, U10_q1: -3.83202622729067, U11_q0: -4.99999986964118,
  U11_q1: -4.00000009044753, V00_q0: 0.5780818839075111, V00_q1: 0.47831558647041633,
  V10_q0: 0.6009026506659907, V10_q1: -0.06855062655394346, V11_q0: 0.5999999444013262,
  V11_q1: -0.00015772547173175763, Y0s_q0: -1.4558363480440208, Y0s_q1: -1.466036552406538,
  Y1s_q0: -1.5002706721568073, Y1s_q1: -1.5006769495291805, Z0s_q0: 0.00021471107707103927,
  Z0s_q1: 0.00019642543012370544, Z1s_q0: 7.137172891290168e-08, Z1s_q1: -5.041312869677066e-05}
