{E0_q0: 0.7545950430970734, E0_q1: 0.7797345689971023, E1_q0: -0.7309235387523321,
  E1_q1: -3.322479388035589, U00_q0: -4.033745776361212, U00_q1: -3.592026115577008,
  U10_q0: 0.09179101347302389, U10_q1: 0.4819108808955853, U11_q0: 1.4540507287094962e-11,
  U11_q1: -2.5316936491235758e-05, V00_q0: 1.027535630919803, V00_q1: 0.8581242665199501,
  V10_q0: -0.5283312273187504, V10_q1: 0.5565576104231598, V11_q0: -7.0425208369003246e-06,
  V11_q1: -0.007280835701232563, Y0s_q0: -1.5430317740717798, Y0s_q1: -1.5487909979747652,
  Y1s_q0: 0.013691277881849356, Y1s_q1: 0.054617459756458146, Z0s_q0: 0.0002192689925192346,
  Z0s_q1: 0.000203161426587591, Z1s_q0: -6.225920014861476e-08, Z1s_q1: 5.852595747048109e-06}
