{E0_q0: 0.7390626263744476, E0_q1: 0.764832700670027, E1_q0: -2.081612703296458, E1_q1: -1.0088432952510125,
  U00_q0: -4.404125670272108, U00_q1: -3.969623773455458, U10_q0: -0.029507950763411228,
  U10_q1: -0.434420243141682, U11_q0: 0.05357175752561427, U11_q1: 0.024124164509364027,
  V00_q0: 0.5717030444508968, V00_q1: 0.474912215135495, V10_q0: 0.0913951617796409,
  V10_q1: 0.10277744052605227, V11_q0: -0.1020990227833072, V11_q1: -0.03763141768926761,
  Y0s_q0: -1.4770859620693992, Y0s_q1: -1.4876734919270698, Y1s_q0: -1.4842876797167461,
  Y1s_q1: -1.5015813712432207, Z0s_q0: 0.00021585316211216848, Z0s_q1: 0.00020058029881071403,
  Z1s_q0: -9.43607967779946e-06, Z1s_q1: -2.2926152424851914e-06}
