{E0_q0: 0.7160898466939356, E0_q1: 0.7431687811649588, E1_q0: -1.2949293520205152,
  E1_q1: -1.3103752434290037, E2_q0: 0.15280572721143404, E2_q1: -1.4522995094995756,
  U00_q0: -4.289093468122185, U00_q1: -3.664560146434926, U10_q0: -0.10216838187486829,
  U10_q1: 0.01266422929747234, U11_q0: -1.2380483462665346, U11_q1: 1.2171787995530357,
  U20_q0: 0.0890627462699091, U20_q1: 0.8015644861991759, U21_q0: -0.14988483134471012,
  U21_q1: -0.17089448223622866, U22_q0: -1.0470036652085019e-11, U22_q1: 0.00016006076453096835,
  V00_q0: 1.0857259097820933, V00_q1: 0.9119451273084845, V10_q0: -0.011588619559286407,
  V10_q1: -0.000435015441349046, V11_q0: 0.7181608736838361, V11_q1: -0.8137881909611941,
  V20_q0: 0.022553729798207293, V20_q1: 0.07202998621043079, V21_q0: 0.926498833852526,
  V21_q1: 0.7440883000046655, V22_q0: 2.411154483940682e-06, V22_q1: 0.01779104254431781,
  Y0s_q0: -1.5354338418601245, Y0s_q1: -1.5562987012329972, Y1s_q0: -1.5029840515542345,
  Y1s_q1: -1.499313145702146, Y2s_q0: -0.265780125914746, Y2s_q1: -0.05045843217233499,
  Z0s_q0: 0.00018332744886924958, Z0s_q1: 0.00017035216322944808, Z1s_q0: -0.0001531508890309783,
  Z1s_q1: 0.0001417904980245865, Z2s_q0: 6.711599109782811e-05, Z2s_q1: 2.3607859896853476e-05}
