{E0_q0: 1.625378342875186, E0_q1: 1.6371896382579474, E1_q0: -1.859468101013429, E1_q1: -3.4552962323688807,
  U00_q0: -35.81674590832725, U00_q1: -4.610838841680696, U10_q0: -6.702973940238681,
  U10_q1: 1.3079748640312407, U11_q0: -1.7580908534399917, U11_q1: -0.8785031071524324,
  V00_q0: 0.11542969009685347, V00_q1: -0.03795444764358605, V10_q0: 0.2722559138593642,
  V10_q1: -0.18444238324854945, V11_q0: -0.41238319683788516, V11_q1: -3.5155645603728014,
  Y0s_q0: -4.55251429355081, Y0s_q1: -4.559251257834206, Y1s_q0: -1.4904442474220227,
  Y1s_q1: -1.6549083507180173, Z0s_q0: -0.00034260081206591243, Z0s_q1: -0.00032814695201055884,
  Z1s_q0: 0.00010066844691625107, Z1s_q1: -1.0460012422094842e-05}
