{E0_q0: 0.7339138440793287, E0_q1: 0.7596104158602646, E1_q0: -0.47979208339225654,
  E1_q1: -0.49411208396823386, U00_q0: -4.230687505098667, U00_q1: -3.8144422531048017,
  U10_q0: 0.37914986197382106, U10_q1: 0.7396290255334587, U11_q0: 0.0010375026018294568,
  U11_q1: -0.0019153003701219314, V00_q0: 0.5666932797450928, V00_q1: 0.4741879791290244,
  V10_q0: 0.0036787791371215325, V10_q1: 0.012754653817299663, V11_q0: 0.012620859394039344,
  V11_q1: 0.013865810021847107, Y0s_q0: -1.464989250123024, Y0s_q1: -1.4794750461906216,
  Y1s_q0: -1.8798047000726843, Y1s_q1: -1.848836617283732, Z0s_q0: 0.00021164331019558517,
  Z0s_q1: 0.00019647770967455138, Z1s_q0: 0.00013984985607221843, Z1s_q1: 0.0001300661154313093}
