{E0_q0: 0.7383143217443504, E0_q1: 0.7641162816932546, E1_q0: -1.9112175554491366,
  E1_q1: -1.0922074192432185, U00_q0: -4.369528028282988, U00_q1: -3.8878204988799965,
  U10_q0: -0.048411804337039975, U10_q1: -0.2519987402825431, U11_q0: 0.04110247253051226,
  U11_q1: -0.002757759711370178, V00_q0: 0.5716458693369125, V00_q1: 0.47631387002631725,
  V10_q0: -0.09140777552964048, V10_q1: -0.11075865372857066, V11_q0: -0.27716306703878235,
  V11_q1: 0.05094798877962416, Y0s_q0: -1.4753233329613396, Y0s_q1: -1.4859970695174636,
  Y1s_q0: -1.4872579894643847, Y1s_q1: -1.5002441296804223, Z0s_q0: 0.00021535472668568093,
  Z0s_q1: 0.00020011777784020315, Z1s_q0: 9.631699833772765e-06, Z1s_q1: 3.1778190102720467e-06}
