{E0_q0: 0.7435951512170875, E0_q1: 0.7690918839298189, E1_q0: -0.9459133076312378,
  E1_q1: -1.743531949851589, U00_q0: -4.34637319440221, U00_q1: -3.9110914557041294,
  U10_q0: 0.3772151221924875, U10_q1: -0.26255701814384447, U11_q0: -1.5117544577282513e-06,
  U11_q1: -5.869809371674984e-05, V00_q0: 0.5539983479672742, V00_q1: 0.46148567824251824,
  V10_q0: 0.49142886702709015, V10_q1: 0.4243644967184108, V11_q0: 0.0017595792000076004,
  V11_q1: -0.005806099822598434, Y0s_q0: -1.4673940935283796, Y0s_q1: -1.478496114400609,
  Y1s_q0: -1.5085370391889465, Y1s_q1: -1.4997181699083462, Z0s_q0: 0.00021644508140209834,
  Z0s_q1: 0.0002010726518933867, Z1s_q0: 9.349539210675531e-07, Z1s_q1: 2.255507624135916e-06}
