{E0_q0: 0.7451183373772634, E1_q0: -0.7000000000000001, E2_q0: -0.7000000000000002,
  E3_q0: -0.7000000000000003, V00_q0: 1.262108578571185, Y0s_q0: -1.6562811192541764,
  Y1s_q0: 0.0, Y2s_q0: 0.0, Y3s_q0: 0.0, Z0s_q0: 0.0002153984757397869, Z1s_q0: 0.0,
  Z2s_q0: 0.0, Z3s_q0: 0.0}
