{E0_q0: 0.7390370574694608, E0_q1: 0.7648216951658114, E1_q0: -2.067221676026476,
  E1_q1: -0.9630790906224443, U00_q0: -4.323567411839988, U00_q1: -3.8798013378531104,
  U10_q0: -0.45859519154067435, U10_q1: 0.552815462015298, U11_q0: 0.22428851522271775,
  U11_q1: 0.03671424553509264, V00_q0: 0.5455015800952001, V00_q1: 0.4548707983425738,
  V10_q0: 0.07509185838721726, V10_q1: 0.0883168110085819, V11_q0: -0.08752460455907989,
  V11_q1: 0.018305899606150967, Y0s_q0: -1.4732168598167241, Y0s_q1: -1.4831757061233724,
  Y1s_q0: -1.5269393026335496, Y1s_q1: -1.495415068470207, Z0s_q0: 0.000215209309690097,
  Z0s_q1: 0.00020003151400370075, Z1s_q0: -9.923555144213954e-06, Z1s_q1: -2.463333532883458e-06}
