{E0_q0: 0.7292975353272676, E0_q1: 0.7409552493744842, E1_q0: -1.0107522419379875,
  E1_q1: 0.3050607780434128, U00_q0: -4.772874300378408, U00_q1: -4.48741015563816,
  U10_q0: 3.7974670883829873, U10_q1: -56.425490050206356, U11_q0: 0.003132935241178301,
  U11_q1: -0.5415287712104976, V00_q0: 0.5625483443015358, V00_q1: 0.5150945510650302,
  V10_q0: -0.11035380244845597, V10_q1: 0.006557113770110787, V11_q0: 0.06553999052503179,
  V11_q1: 1.7562829925816839, Y0s_q0: -1.5589402511757293, Y0s_q1: -1.5702581513659042,
  Y1s_q0: 1.0326747871051556, Y1s_q1: -1.9893026170849455, Z0s_q0: 0.0002571158184440469,
  Z0s_q1: 0.0002483393181759974, Z1s_q0: 8.518784353826549e-07, Z1s_q1: -4.279750782362691e-06}
