{E0_q0: 0.7558223216439531, E0_q1: 0.7672156082818059, E1_q0: -1.460634514407289,
  E1_q1: -0.9249982833669209, E2_q0: -1.4289062871666658, E2_q1: -0.3964248660983978,
  U00_q0: -4.489408394433661, U00_q1: -4.095998948487795, U10_q0: 0.3860210726920246,
  U10_q1: 0.6201556276841278, U11_q0: 0.03134387066777145, U11_q1: -0.045625053062991174,
  U20_q0: -0.9226570727124739, U20_q1: -0.8523011408806903, U21_q0: 0.00504950092013572,
  U21_q1: -0.014522432209707123, U22_q0: 0.014560038302712531, U22_q1: -0.0020909412028191883,
  V00_q0: 1.2058295103142938, V00_q1: 1.1148249022054564, V10_q0: -0.10876205940916134,
  V10_q1: -0.060202462841051074, V11_q0: -0.45153589620992707, V11_q1: 0.7965216290501613,
  V20_q0: 0.15718727941454916, V20_q1: 0.15767077915853978, V21_q0: -0.0982156443700552,
  V21_q1: -0.9318359691572148, V22_q0: -0.30809054689949755, V22_q1: -0.13144528901643496,
  Y0s_q0: -1.7502269441409324, Y0s_q1: -1.7767900506207805, Y1s_q0: -0.1256732473182474,
  Y1s_q1: 0.6477455805431191, Y2s_q0: -1.2261046611398496, Y2s_q1: 0.08130621916454847,
  Z0s_q0: 0.0002146407695501578, Z0s_q1: 0.00020697302985756095, Z1s_q0: -3.073447414925543e-05,
  Z1s_q1: 7.057102102656143e-05, Z2s_q0: -7.0810669633334e-05, Z2s_q1: -5.659723724576844e-05}
