{E0_q0: 0.7492984080045075, E0_q1: 0.7606492877216597, E1_q0: -0.7000000000000001,
  E1_q1: -0.8000000000000005, V00_q0: 1.1841698112110468, V00_q1: 1.0915359680808807,
  V10_q0: 0.0, V10_q1: 0.0, V11_q0: 0.0, V11_q1: 0.0, Y0s_q0: -1.6222441037346187,
  Y0s_q1: -1.627982199958017, Y1s_q0: -2.303683878251196e-16, Y1s_q1: -6.158478814276137e-16,
  Z0s_q0: 0.00020967309525017538, Z0s_q1: 0.0002023900447816323, Z1s_q0: 0.0, Z1s_q1: 0.0}
