{E0_q0: 0.7360257945845164, E0_q1: 0.7624359447320148, E1_q0: -1.97509560580225, E1_q1: -1.9826098207453637,
  U00_q0: -4.140327841142945, U00_q1: -4.572829695491667, U10_q0: 0.025020853846994658,
  U10_q1: 0.21837891313685026, U11_q0: -2.655550633252227, U11_q1: 5.118217872349807,
  V00_q0: 0.9495148896636151, V00_q1: 0.7852344560489052, V10_q0: -0.0002502845341551735,
  V10_q1: -0.0052591532080175, V11_q0: 1.0968866477010744, V11_q1: -1.1869252146426676,
  Y0s_q0: -1.8024368677966884, Y0s_q1: -1.8051587285320765, Y1s_q0: -0.14173110402097686,
  Y1s_q1: -0.3399091942771929, Z0s_q0: 0.00019320396745872077, Z0s_q1: 0.00017826593196673912,
  Z1s_q0: -0.00010845668086507827, Z1s_q1: 0.00010416479085199332}
