{E0_q0: 0.7279270246177058, E0_q1: 0.7544520100138512, E1_q0: -1.094239725533317,
  E1_q1: -1.0782608613772533, E2_q0: -0.12379422142030402, E2_q1: -1.0822355376593928,
  U00_q0: -4.21627557688343, U00_q1: -3.5504964055063164, U10_q0: 0.05077850078856986,
  U10_q1: -0.4874245803848695, U11_q0: -0.2943688269890727, U11_q1: 0.792197657492826,
  U20_q0: -0.11485521125094955, U20_q1: 0.5928648411886381, U21_q0: 0.039358692589922674,
  U21_q1: -0.03615281780884733, U22_q0: -1.4580470454728418e-10, U22_q1: -4.022511025921655e-08,
  V00_q0: 1.1447990132511863, V00_q1: 0.9643131177765508, V10_q0: 0.004249511553824877,
  V10_q1: -0.007478309293646325, V11_q0: 0.32629667371987353, V11_q1: -0.4295798577887032,
  V20_q0: 0.038539147853414016, V20_q1: -0.28394097813540026, V21_q0: -0.2861933738571427,
  V21_q1: -0.14203074012007313, V22_q0: 4.38555129719273e-06, V22_q1: 4.559586767509787e-05,
  Y0s_q0: -1.4939668648908018, Y0s_q1: -1.5024193407159365, Y1s_q0: -1.6306394263174566,
  Y1s_q1: -1.6824042758534556, Y2s_q0: -0.12173072933487677, Y2s_q1: -0.039885766882003675,
  Z0s_q0: 0.0002006729854127771, Z0s_q1: 0.00018670855522886785, Z1s_q0: 0.00012071046518160546,
  Z1s_q1: -0.0001131496137182186, Z2s_q0: -5.232973064824443e-05, Z2s_q1: 8.431627153981902e-06}
