{E0_q0: 0.7539399946963041, E0_q1: 0.7652202568376109, E1_q0: -0.6999999999999993,
  E1_q1: -0.7999999999999999, V00_q0: 1.1867668574991035, V00_q1: 1.104759882779445,
  V10_q0: 0.0, V10_q1: 0.0, V11_q0: 0.0, V11_q1: 0.0, Y0s_q0: -1.6507052510988882,
  Y0s_q1: -1.6526854899203347, Y1s_q0: -2.423872269664416e-16, Y1s_q1: 0.0, Z0s_q0: 0.00021143891799897118,
  Z0s_q1: 0.00020401888391362037, Z1s_q0: 0.0, Z1s_q1: 0.0}
