{E0_q0: 0.7371303959850476, E0_q1: 0.7628517503914937, E1_q0: 0.4364268101081965,
  E1_q1: -0.5891436703536447, U00_q0: -4.246589776276291, U00_q1: -3.8066704735429133,
  U10_q0: 1.6605787978931092, U10_q1: 0.24293583173337066, U11_q0: -3.6715644671203235e-07,
  U11_q1: 3.529339854896526e-05, V00_q0: 0.567381721138731, V00_q1: 0.4757653138857251,
  V10_q0: -0.053529671335784776, V10_q1: 0.13644238915475, V11_q0: 0.00038444946779986593,
  V11_q1: 0.000535616757873808, Y0s_q0: -1.4545252085158544, Y0s_q1: -1.4665606878542747,
  Y1s_q0: -1.4796636655367572, Y1s_q1: -1.4997473770078662, Z0s_q0: 0.0002144287303182568,
  Z0s_q1: 0.00019924368250666982, Z1s_q0: -3.851906274615072e-05, Z1s_q1: 6.1055828334348256e-06}
