{E0_q0: 0.7452300289929584, E1_q0: -0.6999999999999997, E2_q0: -0.6999999999999996,
  E3_q0: -0.7000000000000005, V00_q0: 1.2658655535297552, Y0s_q0: -1.6581107052135045,
  Y1s_q0: 0.0, Y2s_q0: 0.0, Y3s_q0: 0.0, Z0s_q0: 0.00021548662794734216, Z1s_q0: 0.0,
  Z2s_q0: 0.0, Z3s_q0: 0.0}
