{E0_q0: 0.7394413817889127, E0_q1: 0.7509429155990249, E1_q0: 0.2815128163459789,
  E1_q1: 0.3211907063900069, U00_q0: -4.872641868974104, U00_q1: -4.531498659550146,
  U10_q0: -5.66042133220669, U10_q1: -4.17349872596273, U11_q0: 7.033186766611574e-06,
  U11_q1: -1.1520784493911465e-06, V00_q0: 0.5767315162265145, V00_q1: 0.5277356568732279,
  V10_q0: -0.5644797024114683, V10_q1: -0.7245951971743935, V11_q0: -0.0042186302168033445,
  V11_q1: 0.001680819537117809, Y0s_q0: -1.5897134591783217, Y0s_q1: -1.5949346747444713,
  Y1s_q0: -1.553104811952872, Y1s_q1: -1.518911122663124, Z0s_q0: 0.0002058580181906599,
  Z0s_q1: 0.0001987804738476081, Z1s_q0: 1.1545953547002082e-05, Z1s_q1: 8.52623416796185e-06}
