{E0_q0: 0.6776010130236927, E0_q1: 0.7236444970085472, E1_q0: -0.721446393732259,
  E1_q1: -0.8064228486194879, Y0s_q0: -1.5003042784287584, Y0s_q1: -1.5000987913956372,
  Y1s_q0: -1.501472000877785, Y1s_q1: -1.5297822854388672, Z0s_q0: 2.8426987338483076e-06,
  Z0s_q1: -3.816613581745837e-09, Z1s_q0: 0.0003307441345189245, Z1s_q1: 0.000320662292627883}
