{E0_q0: 0.7284941460277243, E0_q1: 0.7545202388516498, E1_q0: -0.7000000000000001,
  E1_q1: -0.8000000000000002, E2_q0: -0.7, E2_q1: -0.7999999999999999, Y0s_q0: -1.4457819903082376,
  Y0s_q1: -1.4563547777255867, Y1s_q0: 0.0, Y1s_q1: 0.0, Y2s_q0: 0.0, Y2s_q1: 0.0,
  Z0s_q0: 0.00021336763348522877, Z0s_q1: 0.0001982610515837182, Z1s_q0: 0.0, Z1s_q1: 0.0,
  Z2s_q0: 0.0, Z2s_q1: 0.0}
