{E0_q0: 0.6719140001832978, E0_q1: 0.6845727691363674, E1_q0: 2.2800333962076866,
  E1_q1: -0.021084502177203365, U00_q0: -7.456660031553586, U00_q1: -4.992955062376995,
  U10_q0: -2.391615057493672, U10_q1: 0.35634247878362196, U11_q0: 7.181569975664129e-10,
  U11_q1: -7.78923403841364e-12, V00_q0: 0.5681636241034279, V00_q1: 0.5057793876866308,
  V10_q0: -1.0550743964332434, V10_q1: 0.004302689052655367, V11_q0: 1.4678425797604314e-10,
  V11_q1: -1.9181791264979354e-09, Y0s_q0: -2.5453001976700316, Y0s_q1: -2.859628099118678,
  Y1s_q0: -1.5132522212625295, Y1s_q1: -1.4454896623446427, Z0s_q0: 7.165729990282383e-05,
  Z0s_q1: 6.778961634637083e-05, Z1s_q0: 4.144745467287694e-05, Z1s_q1: 2.194882909841765e-07}
