{E0_q0: 0.7617097649793994, E0_q1: 0.7865796447834126, E1_q0: 0.4673184372478602,
  E1_q1: -2.6497329773263987, U00_q0: -4.530977307580445, U00_q1: -4.305296810392737,
  U10_q0: 1.2904440326875013, U10_q1: 0.5377038735010686, U11_q0: 2.361673191566897e-09,
  U11_q1: -0.013552853373931415, V00_q0: 0.5348453383805847, V00_q1: 0.43978657545624994,
  V10_q0: -0.0025966867114118565, V10_q1: 0.12356364347333053, V11_q0: 3.325559480988763e-05,
  V11_q1: -0.07389941548904928, Y0s_q0: -1.5414734741634362, Y0s_q1: -1.5517924660036542,
  Y1s_q0: -1.479702609706183, Y1s_q1: -1.4957348827441967, Z0s_q0: 0.00022089230640805126,
  Z0s_q1: 0.00020467589863733458, Z1s_q0: -3.1861905199292996e-05, Z1s_q1: 7.293054851896682e-06}
