{E0_q0: 0.7365390474069262, E0_q1: 0.7622413483538378, E1_q0: 0.686755007364978, E1_q1: -2.6268893939580065,
  U00_q0: -4.38000283486629, U00_q1: -4.01390305295574, U10_q0: 0.6680363441312961,
  U10_q1: 1.2916952941168927, U11_q0: 9.994745377600285e-06, U11_q1: 0.00023973921285317323,
  V00_q0: 0.5687138858440518, V00_q1: 0.47068584940865577, V10_q0: -0.008025755375429888,
  V10_q1: 0.15521909653975344, V11_q0: 0.00010169700113573908, V11_q1: -0.03299455695291285,
  Y0s_q0: -1.4745041365961535, Y0s_q1: -1.4850329023214575, Y1s_q0: -1.4908039688147792,
  Y1s_q1: -1.4760188846639892, Z0s_q0: 0.0002141148930888088, Z0s_q1: 0.0001987043691915063,
  Z1s_q0: -6.761410614308715e-05, Z1s_q1: 6.7694176744176816e-06}
