{E0_q0: 0.7399961736504629, E0_q1: 0.7656401670289048, E1_q0: -0.19041251517191413,
  E1_q1: -0.20468355367521518, E2_q0: -0.6131255772645885, E2_q1: -1.105090648478936,
  U00_q0: -4.2927278858807085, U00_q1: -3.8914317656365043, U10_q0: -0.6044145478317471,
  U10_q1: -1.603927604022845, U11_q0: -0.365421122472909, U11_q1: 0.7384574265675303,
  U20_q0: 2.3354410653717506, U20_q1: 0.8248256724069744, U21_q0: 0.103019042047575,
  U21_q1: -0.07220176915002968, U22_q0: -5.393992996769469e-05, U22_q1: 1.7525437560022482e-05,
  V00_q0: 0.5594517404997731, V00_q1: 0.46822145730677767, V10_q0: -0.03842715097412126,
  V10_q1: -0.04038173926108255, V11_q0: -0.008024036461496947, V11_q1: -0.04918208591299109,
  V20_q0: 0.3208255552941347, V20_q1: 0.3948937459431659, V21_q0: 0.05860682489125177,
  V21_q1: -0.012284960800436978, V22_q0: 0.002149907365862305, V22_q1: -0.0009301818724553701,
  Y0s_q0: -1.4908290676810079, Y0s_q1: -1.5010071285042863, Y1s_q0: -1.7772764753208443,
  Y1s_q1: -1.7842055830351027, Y2s_q0: -1.5086978330433913, Y2s_q1: -1.4452160444942772,
  Z0s_q0: 0.0002151329943504595, Z0s_q1: 0.0001996680832190219, Z1s_q0: 0.0001642676881546984,
  Z1s_q1: 0.00015299558818295087, Z2s_q0: 5.476172336821032e-05, Z2s_q1: 3.541374463214482e-05}
