{E0_q0: 0.7344772505110011, E0_q1: 0.7602148027243917, E1_q0: 0.026071786774160444,
  E1_q1: -0.9450777285699731, E2_q0: -0.6950345776845614, E2_q1: -0.7373288715727467,
  E3_q0: -0.7000000002104638, E3_q1: -0.7999999860870173, U00_q0: -4.445722736698236,
  U00_q1: -4.05720455588154, U10_q0: -0.07802153214952912, U10_q1: -1.189634628379246,
  U11_q0: -8.155592135738932e-07, U11_q1: -1.1147506880878039e-05, U20_q0: 0.004665929377511096,
  U20_q1: -0.19556272326808263, U21_q0: -4.399414995134923e-09, U21_q1: 2.1631815706609663e-08,
  U22_q0: -4.0034913120538375e-13, U22_q1: -2.47122657549032e-09, U30_q0: 1.0079188394049743e-10,
  U30_q1: 5.477396134296968e-09, U31_q0: -2.9926260135450177e-16, U31_q1: 1.1695220119305592e-14,
  U32_q0: 2.1540977080805724e-16, U32_q1: -9.229210127106651e-17, U33_q0: -2.054872123565429e-15,
  U33_q1: -1.14521633809119e-24, V00_q0: 0.572389023115429, V00_q1: 0.47488148714399214,
  V10_q0: 0.10339371239574849, V10_q1: 0.11500327483051205, V11_q0: 0.002761876118612617,
  V11_q1: -0.002598277186334107, V20_q0: 0.00042526224623188176, V20_q1: 0.011954545964513964,
  V21_q0: -0.00010467504832392003, V21_q1: -0.0006158518208702609, V22_q0: 1.1436748751757256e-06,
  V22_q1: 9.721364724451557e-06, V30_q0: 2.9712349454227966e-06, V30_q1: 2.6948144709115222e-05,
  V31_q0: -3.489420278068736e-08, V31_q1: 4.983538716498149e-07, V32_q0: 8.171516815690257e-10,
  V32_q1: -7.605335646093214e-09, V33_q0: 1.587627665627365e-13, V33_q1: -1.953662636583007e-12,
  Y0s_q0: -1.4545874459374037, Y0s_q1: -1.4642735226327892, Y1s_q0: -1.5039115166400947,
  Y1s_q1: -1.4444225770185637, Y2s_q0: -1.5002112622805512, Y2s_q1: -1.5124918275553239,
  Y3s_q0: -1.5000000000205447, Y3s_q1: -1.499999997149848, Z0s_q0: 0.00021397396061818188,
  Z0s_q1: 0.00019873305945095808, Z1s_q0: 2.9239950642465767e-05, Z1s_q1: 1.2135631714739551e-05,
  Z2s_q0: -1.8587050695384143e-05, Z2s_q1: 1.2457888069007332e-06, Z3s_q0: -7.974963158071451e-10,
  Z3s_q1: 3.1191840694056237e-09}
