{E0_q0: 0.746683407855267, E0_q1: 0.7580733950794992, E1_q0: 0.48806441094555014,
  E1_q1: -2.732086552202717, U00_q0: -4.503405622141903, U00_q1: -4.197148904474852,
  U10_q0: 0.0044944986250370885, U10_q1: -0.6066361574524148, U11_q0: 1.05536362426913e-07,
  U11_q1: 4.680492080761677e-05, V00_q0: 0.5534213195991708, V00_q1: 0.5091349214853654,
  V10_q0: 0.00042717183961282713, V10_q1: 0.11755860261779823, V11_q0: -0.0005398832077645973,
  V11_q1: -0.0007801946844206756, Y0s_q0: -1.5879220971679502, Y0s_q1: -1.5951626974045512,
  Y1s_q0: -1.5006613437415335, Y1s_q1: -1.5020708737514306, Z0s_q0: 0.00021289786996295845,
  Z0s_q1: 0.0002056084941317075, Z1s_q0: -1.4978686747116303e-05, Z1s_q1: 9.986411519785498e-07}
