{E0_q0: 0.7164064279385723, E0_q1: 0.748957178382316, E1_q0: -1.3829272791555804,
  E1_q1: -1.5652848350994706, E2_q0: -1.7024723335640046, E2_q1: -1.1047375493492615,
  E3_q0: -0.6999999999931252, E3_q1: -0.799999999999998, U00_q0: -6.142209329583011,
  U00_q1: -5.002125335257516, U10_q0: 2.4442626364112408, U10_q1: -0.07503259508907595,
  U11_q0: -0.12731758686057776, U11_q1: -0.1406284529784154, U20_q0: -1.3490722346508395,
  U20_q1: -1.8874698317871799, U21_q0: -0.09565421662215363, U21_q1: -0.032599175740882565,
  U22_q0: -0.0021999145560133546, U22_q1: -0.0015087157426469505, U30_q0: 3.2281607507556316e-15,
  U30_q1: 1.3531848016647041e-31, U31_q0: 5.806495399091587e-15, U31_q1: -1.4787479708486307e-33,
  U32_q0: -3.517599438495446e-15, U32_q1: 2.1735807512334903e-34, U33_q0: 1.6732117293430078e-15,
  U33_q1: 1.5152091588973227e-53, V00_q0: 0.4946309997553017, V00_q1: 0.41614909273337014,
  V10_q0: 0.5713068400296011, V10_q1: 0.4022714715209089, V11_q0: -0.2055968523958052,
  V11_q1: 0.09879144167130294, V20_q0: -0.521816780791309, V20_q1: -0.22314448133045003,
  V21_q0: -0.18910081100852205, V21_q1: 0.05884798176331139, V22_q0: -0.024770273579335613,
  V22_q1: 0.011156446871515189, V30_q0: 9.445321878401253e-17, V30_q1: 5.3308288050687846e-17,
  V31_q0: -2.636662314567788e-16, V31_q1: 1.7184647974617734e-16, V32_q0: 2.4448424873040613e-16,
  V32_q1: 1.5595835683758719e-16, V33_q0: 1.5186796222409458e-16, V33_q1: -1.3057139433522027e-16,
  Y0s_q0: -1.3281838005938726, Y0s_q1: -1.4040114040922487, Y1s_q0: -3.1654876296832026,
  Y1s_q1: -1.3713699120162501, Y2s_q0: -0.27291524581170495, Y2s_q1: -1.717315874519899,
  Y3s_q0: -1.4999999999999998, Y3s_q1: -1.5000000000000018, Z0s_q0: 0.00020279229590414687,
  Z0s_q1: 0.00019433609042434702, Z1s_q0: 7.312480778363198e-05, Z1s_q1: 3.9886983390697396e-05,
  Z2s_q0: 4.687851403132376e-05, Z2s_q1: 3.2775885968379034e-05, Z3s_q0: 4.111070591645599e-20,
  Z3s_q1: 3.016763543638967e-21}
