{E0_q0: 0.7600053788739922, E0_q1: 0.7849065041716307, E1_q0: -0.9451898640937202,
  E1_q1: -3.9022497091146255, U00_q0: -4.330382466150499, U00_q1: -4.107049008786601,
  U10_q0: 0.22078283789244146, U10_q1: 1.80727688239839, U11_q0: 1.0272664761244776e-09,
  U11_q1: -0.003687691335108434, V00_q0: 1.0887281653539802, V00_q1: 0.8837566264320869,
  V10_q0: -0.9484524834434435, V10_q1: 0.4612621213975036, V11_q0: -5.862015675305365e-05,
  V11_q1: -0.0843235393166064, Y0s_q0: -1.529168890485928, Y0s_q1: -1.5426263217358864,
  Y1s_q0: 0.06644318512518786, Y1s_q1: 0.11993432640602665, Z0s_q0: 0.00021952232886757306,
  Z0s_q1: 0.00020310329591662345, Z1s_q0: -1.0731727416947011e-07, Z1s_q1: 1.4709376474468771e-05}
