{E0_q0: 0.733977866964873, E0_q1: 0.7586093149097697, E1_q0: -0.7092624502791828,
  E1_q1: -1.0959113342039006, U00_q0: -4.386988522789064, U00_q1: -3.9495917369205213,
  U10_q0: -0.07021204922836671, U10_q1: 0.09147694791618975, U11_q0: -1.0851955702163657e-06,
  U11_q1: -0.00019720105753213342, V00_q0: 0.5832626131099657, V00_q1: 0.48543876677330783,
  V10_q0: 0.03326853537585395, V10_q1: -0.026035267932758996, V11_q0: -0.00038977443047241,
  V11_q1: 0.003717763954028195, Y0s_q0: -1.4467556166560576, Y0s_q1: -1.458777983020411,
  Y1s_q0: -1.4782780411352343, Y1s_q1: -1.434646520664862, Z0s_q0: 0.0002144317146195698,
  Z0s_q1: 0.00019814614033433195, Z1s_q0: -9.297475151093617e-06, Z1s_q1: -3.2948905995711617e-05}
