{E0_q0: 0.750315115673118, E0_q1: 0.7751310339798858, U00_q0: -4.327291965081068,
  U00_q1: -3.8913220001166917, V00_q0: 0.5838441135334, V00_q1: 0.4885533812626247,
  Y0s_q0: -1.4737621638357572, Y0s_q1: -1.4836122160221694, Z0s_q0: 0.00022755814576281354,
  Z0s_q1: 0.00021116566617312432}
