{E0_q0: 0.7430566220446094, E0_q1: 0.7545013485880235, E1_q0: -0.6999999999999996,
  E1_q1: -0.8000000000000004, Y0s_q0: -1.6448596254279992, Y0s_q1: -1.6570505314748136,
  Y1s_q0: -5.091266960114777e-16, Y1s_q1: 0.0, Z0s_q0: 0.00021114487414681103, Z0s_q1: 0.00020369497008721987,
  Z1s_q0: 0.0, Z1s_q1: 0.0}
