{E0_q0: 0.732296445530862, E0_q1: 0.7439053931850642, E1_q0: -0.6482090634578079,
  E1_q1: -0.6579293638391973, V00_q0: 0.606118536481362, V00_q1: 0.5540909220065975,
  V10_q0: -0.017078208491609383, V10_q1: 0.010067378627892604, V11_q0: 0.0378150291186316,
  V11_q1: 0.006084657884337025, Y0s_q0: -1.5916173391120148, Y0s_q1: -1.6013564669510123,
  Y1s_q0: -1.4656685017947544, Y1s_q1: -1.389066833253867, Z0s_q0: 0.00020160734496636024,
  Z0s_q1: 0.0001946302054939208, Z1s_q0: 0.00011715732081284544, Z1s_q1: -0.00011397118072114725}
