{E0_q0: 0.6937134382256435, E0_q1: 0.7210119467877787, E1_q0: -1.3886028995022999,
  E1_q1: -2.443436219242708, E2_q0: 0.036080817832858395, E2_q1: -1.8140730002734917,
  U00_q0: -4.641578572191356, U00_q1: -4.001021623995394, U10_q0: 0.03958403094673628,
  U10_q1: -0.2947654673757505, U11_q0: 0.48558919863975536, U11_q1: -0.50587511264993,
  U20_q0: -0.4829278224740203, U20_q1: 0.4745857217576048, U21_q0: 0.2695440476693165,
  U21_q1: 0.37660326835977764, U22_q0: 1.09431318890161e-11, U22_q1: 0.23468373536237702,
  V00_q0: 1.1147736883511634, V00_q1: 0.9229859964917605, V10_q0: 0.005101172421545331,
  V10_q1: -0.031585778901347186, V11_q0: 0.9546645294816954, V11_q1: -0.420700832536621,
  V20_q0: 0.13789138830006364, V20_q1: 0.004082682764764865, V21_q0: -0.6358859947893527,
  V21_q1: 0.9258448997679338, V22_q0: 6.861914172048024e-06, V22_q1: -0.37425705420555605,
  Y0s_q0: -1.5046024212485414, Y0s_q1: -1.5986137472428772, Y1s_q0: -1.5678171334692999,
  Y1s_q1: 0.07132468641116788, Y2s_q0: -0.3002434098979143, Y2s_q1: -1.54499110458462,
  Z0s_q0: 0.00016347653258371575, Z0s_q1: 0.00015023265828342203, Z1s_q0: 0.00017239216581099384,
  Z1s_q1: -3.436379035249453e-05, Z2s_q0: -4.3845553838644737e-05, Z2s_q1: 0.0001586552612372314}
