{E0_q0: 0.7311158883577121, E0_q1: 0.7565239510379941, E1_q0: -0.47633946419368495,
  E1_q1: -0.5104262197176461, U00_q0: -4.343985629048365, U00_q1: -3.9237535958823795,
  U10_q0: 0.35629258970423044, U10_q1: -0.036141283999641095, U11_q0: -0.0010870991630975687,
  U11_q1: -0.008663423074552746, V00_q0: 0.5802237835121558, V00_q1: 0.4834155963392783,
  V10_q0: 0.008558274478338852, V10_q1: 0.018245087992582284, V11_q0: -0.006074249343030016,
  V11_q1: 0.024304677393334407, Y0s_q0: -1.4445754429779678, Y0s_q1: -1.4636872103928282,
  Y1s_q0: -2.0918429642519154, Y1s_q1: -1.6826706282286192, Z0s_q0: 0.00021048109316699925,
  Z0s_q1: 0.00019517924242564046, Z1s_q0: 0.00014131697079224317, Z1s_q1: 0.0001303528432958439}
