{E0_q0: 0.7458574245297898, E0_q1: 0.7715390519264724, E1_q0: -2.500156328487499,
  E1_q1: -1.4807993774635433, E2_q0: -0.7784383911561371, E2_q1: -1.4335543121501164,
  U00_q0: -4.242178740197454, U00_q1: -3.8796729270912738, U10_q0: -3.6778104086864336,
  U10_q1: 2.3945399394631015, U11_q0: 0.3974010653036267, U11_q1: -0.13576353606785685,
  U20_q0: -0.2954678317389467, U20_q1: 2.7041847152249128, U21_q0: 0.24589903146962966,
  U21_q1: -0.053061963399397984, U22_q0: -0.001964456742670897, U22_q1: -7.009267637989376e-06,
  V00_q0: 0.5844082833326028, V00_q1: 0.48564950406102547, V10_q0: -0.07058957781086536,
  V10_q1: -0.008100676503844549, V11_q0: 0.7712536743537278, V11_q1: -0.23960829835367464,
  V20_q0: -0.0029252193381275036, V20_q1: 0.11772935588812601, V21_q0: -0.12824381931130088,
  V21_q1: 0.1045349382027439, V22_q0: -0.02310978253124232, V22_q1: 0.0013016608264948052,
  Y0s_q0: -1.4761152628355088, Y0s_q1: -1.4782821962571528, Y1s_q0: -1.4416513909139368,
  Y1s_q1: -1.4359648982165962, Y2s_q0: -1.4958904652213074, Y2s_q1: -1.4819164439211225,
  Z0s_q0: 0.0002190106617029581, Z0s_q1: 0.00020393825948476288, Z1s_q0: 1.584866580936858e-05,
  Z1s_q1: 1.9661029639591767e-06, Z2s_q0: -4.243731855162986e-06, Z2s_q1: 1.154258629955449e-07}
