{E0_q0: 0.7429052122707216, E0_q1: 0.7543649330242242, E1_q0: -0.7696666864258505,
  E1_q1: -0.7249879783827419, Y0s_q0: -1.5728414321256305, Y0s_q1: -1.578347780709989,
  Y1s_q0: -1.479721604009071, Y1s_q1: -1.5146051221363686, Z0s_q0: 0.00021589669262670296,
  Z0s_q1: 0.00020855975366014434, Z1s_q0: 1.4231023654530677e-05, Z1s_q1: 1.378049502485945e-05}
