{E0_q0: 0.7578761020692937, E0_q1: 0.7829154681648831, E1_q0: -0.6999999999999998,
  E1_q1: -0.8000000000000004, E2_q0: -0.7, E2_q1: -0.7999999999999998, Y0s_q0: -1.495857251733711,
  Y0s_q1: -1.5073744084891654, Y1s_q0: 0.0, Y1s_q1: 0.0, Y2s_q0: 0.0, Y2s_q1: 0.0,
  Z0s_q0: 0.00022929983830473753, Z0s_q1: 0.00021291896412934915, Z1s_q0: 0.0, Z1s_q1: 0.0,
  Z2s_q0: 0.0, Z2s_q1: 0.0}
