{E0_q0: 0.7610284757077572, E0_q1: 0.7722076307962537, E1_q0: -0.6999999999999996,
  E1_q1: -0.7999999999999996, V00_q0: 1.149797386793713, V00_q1: 1.060290188630835,
  V10_q0: 0.0, V10_q1: 0.0, V11_q0: 0.0, V11_q1: 0.0, Y0s_q0: -1.7283272663042182,
  Y0s_q1: -1.7308383318223437, Y1s_q0: 9.701418986877078e-17, Y1s_q1: 0.0, Z0s_q0: 0.00021751639033270315,
  Z0s_q1: 0.00020963321326192115, Z1s_q0: 0.0, Z1s_q1: 0.0}
