{E0_q0: 0.7502987603718885, E1_q0: -0.7000000000000001, E2_q0: -0.6999999999999997,
  E3_q0: -0.7, Y0s_q0: -1.4627833159503156, Y1s_q0: 0.0, Y2s_q0: 0.0, Y3s_q0: 0.0,
  Z0s_q0: 0.00022139791733902592, Z1s_q0: 0.0, Z2s_q0: 0.0, Z3s_q0: 0.0}
