{E0_q0: 0.5683059291678579, E0_q1: 0.5831469794767172, E1_q0: 2.4572312257112894,
  E1_q1: -3.0247777885408276, U00_q0: -2.0828230452570944, U00_q1: -0.8531061658152407,
  U10_q0: -0.7545961936390129, U10_q1: -13.335802243242618, U11_q0: 4.761272866075989e-11,
  U11_q1: 3.5573962311955546e-10, V00_q0: 1.226483751966759, V00_q1: 1.1743661665393414,
  V10_q0: -1.6197729102964447, V10_q1: -1.036768809233893, V11_q0: -4.480977413368482e-08,
  V11_q1: 2.0525440987132122e-06, Y0s_q0: -1.5623881497442158, Y0s_q1: -1.723014549019792,
  Y1s_q0: -1.5048452471651705, Y1s_q1: -1.6611497161471478, Z0s_q0: -5.802868542203745e-05,
  Z0s_q1: -5.5689442018484824e-05, Z1s_q0: -0.00011249976398049612, Z1s_q1: 2.970793865610252e-07}
