{E0_q0: 0.7565856028102576, E0_q1: 0.7678295320383086, E1_q0: -0.7000000000000003,
  E1_q1: -0.7999999999999992, V00_q0: 1.1819049089687232, V00_q1: 1.085433262272762,
  V10_q0: 0.0, V10_q1: 0.0, V11_q0: 0.0, V11_q1: 0.0, Y0s_q0: -1.698147119922431,
  Y0s_q1: -1.6998584157238044, Y1s_q0: -1.1486692511784186e-16, Y1s_q1: 0.0, Z0s_q0: 0.00021480091555071414,
  Z0s_q1: 0.00020710717469467043, Z1s_q0: 0.0, Z1s_q1: 0.0}
