{E0_q0: 0.7434830877343143, E0_q1: 0.7696088570827561, E1_q0: -2.2838920418824804,
  E1_q1: -1.4780285463322747, U00_q0: -4.305277868428432, U00_q1: -3.9366543994381584,
  U10_q0: 0.06195462033113862, U10_q1: 0.00268617178478631, U11_q0: 0.002685588014305118,
  U11_q1: -0.26559356553144475, V00_q0: 0.5588927377596488, V00_q1: 0.46607539586388946,
  V10_q0: -0.0018184580401087724, V10_q1: -0.0006153031301905048, V11_q0: -0.038456403751907155,
  V11_q1: 0.12155968825858827, Y0s_q0: -1.4971083094812003, Y0s_q1: -1.5081126373748717,
  Y1s_q0: -1.4845308505548012, Y1s_q1: -1.4908096593549405, Z0s_q0: 0.00021594577759279408,
  Z0s_q1: 0.00020158687726804333, Z1s_q0: -2.8543994900234785e-05, Z1s_q1: 1.535181525409155e-05}
