{E0_q0: 0.7474282558176116, E0_q1: 0.7587968192392657, E1_q0: -1.0014510182543395,
  E1_q1: -2.4363868211061965, U00_q0: -4.488634797884842, U00_q1: -4.223888255345439,
  U10_q0: 0.3139450466104695, U10_q1: -2.255418042622675, U11_q0: 0.002467810017176433,
  U11_q1: 0.002458500618458011, V00_q0: 0.5761492770062815, V00_q1: 0.5299010936752286,
  V10_q0: -0.19472229943820632, V10_q1: -0.0858083189091678, V11_q0: -0.0002885171175749106,
  V11_q1: 0.003988413748092241, Y0s_q0: -1.5912884783089236, Y0s_q1: -1.599531635082995,
  Y1s_q0: -1.496779475155811, Y1s_q1: -1.5299996481080973, Z0s_q0: 0.00021366174822523467,
  Z0s_q1: 0.00020632606920813939, Z1s_q0: -1.0894652947952056e-07, Z1s_q1: -1.9383810691021803e-06}
