{E0_q0: 0.6702616536085892, E0_q1: 0.682894699967503, E1_q0: 1.5067253306592316, E1_q1: -4.498825634953231,
  U00_q0: -11.881697576619496, U00_q1: -11.586332958889809, U10_q0: 44.86078774554212,
  U10_q1: 54.42047477816202, U11_q0: 0.26348638306246736, U11_q1: -13.001899150266812,
  V00_q0: 0.45123609953194355, V00_q1: 0.36043533028701913, V10_q0: -4.041312580942257,
  V10_q1: 0.1983318399331366, V11_q0: -0.11276963041739994, V11_q1: 7.1906717167201455,
  Y0s_q0: -1.6376180643551612, Y0s_q1: -1.6657089882549057, Y1s_q0: -1.4379528378871616,
  Y1s_q1: -1.2928328324696616, Z0s_q0: 6.654742340137818e-05, Z0s_q1: 6.393324105752356e-05,
  Z1s_q0: -1.2414935132589351e-05, Z1s_q1: 4.534179003049718e-06}
