{E0_q0: 0.7466538202329569, E0_q1: 0.7580447696546174, E1_q0: -0.7000000000000005,
  E1_q1: -0.8, V00_q0: 1.120939124758097, V00_q1: 1.0180696093065114, V10_q0: 0.0,
  V10_q1: 0.0, V11_q0: 0.0, V11_q1: 0.0, Y0s_q0: -1.6491215749213406, Y0s_q1: -1.656641152805636,
  Y1s_q0: -2.2953814806883894e-16, Y1s_q1: -6.243859862653007e-16, Z0s_q0: 0.00020714539796575925,
  Z0s_q1: 0.00019984480451313492, Z1s_q0: 0.0, Z1s_q1: 0.0}
