{E0_q0: 0.7102470695590343, E0_q1: 0.7379190681242234, E1_q0: -1.7735938423087936,
  E1_q1: -2.430358984447683, E2_q0: 0.3818103010241853, E2_q1: -2.4734508651655007,
  U00_q0: -4.751735087770264, U00_q1: -4.492435047471869, U10_q0: 1.5264035172732497,
  U10_q1: -0.45091076816683856, U11_q0: -1.7639542789813256, U11_q1: -4.496265635016766,
  U20_q0: 4.13988274316825, U20_q1: 2.201582245107089, U21_q0: -6.221415554745261,
  U21_q1: 0.3050787260969566, U22_q0: -2.2085507821138213e-13, U22_q1: -1.934315299397206,
  V00_q0: 0.9974083263505421, V00_q1: 0.8197520759695479, V10_q0: -0.028072708096645797,
  V10_q1: -0.005520236655567635, V11_q0: 1.3686355518049789, V11_q1: 0.5540130590453608,
  V20_q0: 0.23687464657819873, V20_q1: -0.018538328654451625, V21_q0: 1.3493848461238893,
  V21_q1: 1.2351941409140132, V22_q0: 9.555865547669093e-07, V22_q1: -0.7138581304306194,
  Y0s_q0: -1.5738865099746182, Y0s_q1: -1.615876684271597, Y1s_q0: -1.4631822532241614,
  Y1s_q1: -0.14654282456297293, Y2s_q0: -0.2602496673854941, Y2s_q1: -1.5415246443280681,
  Z0s_q0: 0.00016678257877761866, Z0s_q1: 0.0001548888552514509, Z1s_q0: -0.00015922574634911192,
  Z1s_q1: -3.871342393058037e-05, Z2s_q0: 7.139614495585909e-05, Z2s_q1: -0.00014306000375037724}
