{E0_q0: 0.7349599348028735, E0_q1: 0.7465285168628388, E1_q0: -0.8529791733620585,
  E1_q1: -0.8634623989872112, Y0s_q0: -1.591404407117701, Y0s_q1: -1.6001456003586232,
  Y1s_q0: -1.5109862806995455, Y1s_q1: -1.4470420431102708, Z0s_q0: 0.00020702386282670602,
  Z0s_q1: 0.00019987373956649397, Z1s_q0: 8.913467244862293e-05, Z1s_q1: 8.659609296160233e-05}
