{E0_q0: 0.7276823293401518, E0_q1: 0.7537393671004377, E1_q0: -0.7, E1_q1: -0.8000000000000006,
  E2_q0: -0.6999999999999997, E2_q1: -0.7999999999999997, V00_q0: 1.0604802012751235,
  V00_q1: 0.8749617952066144, V10_q0: 0.0, V10_q1: 0.0, V11_q0: 0.0, V11_q1: 0.0,
  V20_q0: 0.0, V20_q1: 0.0, V21_q0: 0.0, V21_q1: 0.0, V22_q0: 0.0, V22_q1: 0.0, Y0s_q0: -1.4374413837316822,
  Y0s_q1: -1.447586604441667, Y1s_q0: 0.0, Y1s_q1: 0.0, Y2s_q0: 0.0, Y2s_q1: 0.0,
  Z0s_q0: 0.00021637724226557448, Z0s_q1: 0.0002011168795127845, Z1s_q0: 0.0, Z1s_q1: 0.0,
  Z2s_q0: 0.0, Z2s_q1: 0.0}
