{E0_q0: 0.73492723006379, E0_q1: 0.7606083268073051, E1_q0: 1.0375652174149632, E1_q1: -1.2589766342102673,
  E2_q0: -0.7097520572620117, E2_q1: -0.8546290533486496, E3_q0: -0.7000000000019464,
  E3_q1: -0.7999999999999975, U00_q0: -4.435582518955107, U00_q1: -4.039644538129968,
  U10_q0: -0.06883053693315667, U10_q1: 0.789915123525251, U11_q0: 5.051921792432302e-16,
  U11_q1: -4.622171855432333e-07, U20_q0: -0.0005628336538565501, U20_q1: -0.3950880222439001,
  U21_q0: 7.415999300283362e-17, U21_q1: -2.0981336178719284e-07, U22_q0: 1.1625641188106087e-15,
  U22_q1: 3.5262514559989675e-11, U30_q0: -7.369841139090458e-16, U30_q1: -3.420025747390282e-13,
  U31_q0: 7.783780435589806e-16, U31_q1: -6.9074582553111335e-18, U32_q0: 3.7939019165231226e-16,
  U32_q1: -2.5449754364289987e-18, U33_q0: 8.03622645312295e-17, U33_q1: 3.0448700629559507e-26,
  V00_q0: 0.5687416659975791, V00_q1: 0.47155289944807666, V10_q0: -0.0994286976806433,
  V10_q1: 0.18817094631266193, V11_q0: 4.359265875389138e-08, V11_q1: -8.580469197741392e-05,
  V20_q0: 0.022010302575703817, V20_q1: -0.13446256847806332, V21_q0: -2.2571523906456685e-09,
  V21_q1: -0.0003123549520284165, V22_q0: 2.1615729955419158e-11, V22_q1: -1.1023176655998857e-06,
  V30_q0: -1.22783349954966e-10, V30_q1: 1.4796685553767832e-09, V31_q0: -6.159072519649808e-17,
  V31_q1: 1.050007262162935e-12, V32_q0: 7.766347657626722e-18, V32_q1: 2.47599056807212e-14,
  V33_q0: 1.806823601560316e-17, V33_q1: -9.620246527316864e-18, Y0s_q0: -1.4596101693619399,
  Y0s_q1: -1.4704086620598757, Y1s_q0: -1.500029256081056, Y1s_q1: -1.4299648921370123,
  Y2s_q0: -1.5000003982274206, Y2s_q1: -1.5311738970109343, Y3s_q0: -1.5, Y3s_q1: -1.5,
  Z0s_q0: 0.0002149987228193249, Z0s_q1: 0.0001996198951818078, Z1s_q0: 4.013953771476604e-05,
  Z1s_q1: 7.888860518529103e-06, Z2s_q0: -6.377709322810119e-06, Z2s_q1: 1.0802996983783737e-05,
  Z3s_q0: 2.4679394110814933e-14, Z3s_q1: -7.714490045106629e-14}
