{E0_q0: 0.6987155131557232, E0_q1: 0.7107910987208986, E1_q0: 0.8479202480879667,
  E1_q1: -0.08045749117806487, U00_q0: -4.149555561087872, U00_q1: -3.5426583236822666,
  U10_q0: 18.646033413335488, U10_q1: 24.111709760495305, U11_q0: -4.967411786503492e-06,
  U11_q1: -0.0022114390965274756, V00_q0: 0.6440645678477412, V00_q1: 0.5971231741792238,
  V10_q0: -0.5337096229730426, V10_q1: -0.1332462829375167, V11_q0: -0.14877991737902801,
  V11_q1: -0.22419048644329487, Y0s_q0: -1.8928669618922713, Y0s_q1: -1.9349999304018746,
  Y1s_q0: -1.2056926112144375, Y1s_q1: -1.996276955481741, Z0s_q0: 9.043797961305519e-05,
  Z0s_q1: 8.675012051418772e-05, Z1s_q0: -9.997952773484399e-06, Z1s_q1: -6.038933560814863e-06}
