{E0_q0: 0.7232092370640903, E0_q1: 0.7302991197829618, E1_q0: -0.7, E1_q1: -0.8, E2_q0: -0.7,
  E2_q1: -0.8, E3_q0: -0.7, E3_q1: -0.8, Z0s_q0: 0.00020843013971735084, Z0s_q1: 0.0001987065341533914,
  Z1s_q0: 0.0, Z1s_q1: 0.0, Z2s_q0: 0.0, Z2s_q1: 0.0, Z3s_q0: 0.0, Z3s_q1: 0.0}
