{E0_q0: 0.7246607410798501, E0_q1: 0.7300694347749573, E1_q0: -0.24042807447708717,
  E1_q1: -1.9711292053060185, V00_q0: 1.0842302096676577, V00_q1: 0.9308306507031396,
  V10_q0: 0.28744472203710886, V10_q1: 0.6101756148346166, V11_q0: -0.00167076289078115,
  V11_q1: -0.03692997092637976, Z0s_q0: 0.00020174297919803785, Z0s_q1: 0.00018957775871696454,
  Z1s_q0: 7.815253518690016e-05, Z1s_q1: 4.0141692227926145e-05}
