{E0_q0: 0.7392634023256446, E0_q1: 0.7654565157643548, E1_q0: -2.384584037148884,
  E1_q1: -1.8258019424102623, U00_q0: -4.1012990564173455, U00_q1: -3.670790783957452,
  U10_q0: 0.010881333316061515, U10_q1: 0.16608702747188334, U11_q0: -0.11436731161934045,
  U11_q1: 0.044010647084089465, V00_q0: 0.53961897495606, V00_q1: 0.4548605121985767,
  V10_q0: -0.008852614341002053, V10_q1: 0.0008725219520638904, V11_q0: -0.0789607233330622,
  V11_q1: 0.0714230636207524, Y0s_q0: -1.454677601717797, Y0s_q1: -1.4676977499576473,
  Y1s_q0: -1.5085850063395272, Y1s_q1: -1.5174033369958033, Z0s_q0: 0.00021349279569164424,
  Z0s_q1: 0.00019956693924767143, Z1s_q0: -3.0032255961881607e-05, Z1s_q1: 1.7787948350248802e-05}
