{E0_q0: 0.7609691477874586, E0_q1: 0.775167580766065, E1_q0: -3.5377816937527555,
  E1_q1: -1.6063332857877275, E2_q0: -0.7920738859705627, E2_q1: -1.5676957356294607,
  U00_q0: -6.464476657779996, U00_q1: -4.3868154716135495, U10_q0: 1.4633448210389641,
  U10_q1: -0.597396558987665, U11_q0: 0.0003465132293524027, U11_q1: 0.32496432396693237,
  U20_q0: 1.5905044480680295, U20_q1: -5.0852213226883505, U21_q0: -7.363650641388566,
  U21_q1: 0.9945421107228627, U22_q0: 0.5295530865732785, U22_q1: -1.473897296429089,
  V00_q0: 0.8739613739077585, V00_q1: 0.9041030525354635, V10_q0: -0.5096909033634659,
  V10_q1: -0.43785465179548644, V11_q0: -0.11140754304239044, V11_q1: 0.5522686403540131,
  V20_q0: -0.012620973818303348, V20_q1: 0.0360184444720393, V21_q0: -0.1708709636547001,
  V21_q1: 0.35861832253632375, V22_q0: -1.0424399445803232, V22_q1: 0.9836219720572923,
  Y0s_q0: -1.7366670303857454, Y0s_q1: -1.7870941890732934, Y1s_q0: -2.069597458101524,
  Y1s_q1: 0.13168071034118042, Y2s_q0: 0.17420468520605834, Y2s_q1: -0.7945440189416244,
  Z0s_q0: 0.00019896055703544978, Z0s_q1: 0.00020672204065804603, Z1s_q0: -8.298891050483231e-05,
  Z1s_q1: -9.478354649270048e-06, Z2s_q0: -6.692256503955638e-05, Z2s_q1: 6.366726240395598e-05}
