{E0_q0: 0.7590737988704809, E0_q1: 0.7840501820033345, E1_q0: 0.49987499685390446,
  E1_q1: -1.7932745876249028, U00_q0: -4.137800682329892, U00_q1: -3.719738807871294,
  U10_q0: 0.07330384157568977, U10_q1: -0.29333191511111856, U11_q0: 8.325099173749626e-05,
  U11_q1: -0.0028352252775543135, V00_q0: 0.5560432830218923, V00_q1: 0.46768761261931496,
  V10_q0: 0.010224695001636384, V10_q1: -0.10751167959769402, V11_q0: 0.00036421048542351975,
  V11_q1: -0.056629957882671465, Y0s_q0: -1.5065188406878243, Y0s_q1: -1.5209482734067707,
  Y1s_q0: -1.3592466219383827, Y1s_q1: -1.5190294973376854, Z0s_q0: 0.00022796075888906222,
  Z0s_q1: 0.0002115466686081132, Z1s_q0: 3.919959423656939e-05, Z1s_q1: -5.355179964039342e-06}
