{E0_q0: 0.7341132644156375, E0_q1: 0.745691555941144, E1_q0: -0.7003026951587517,
  E1_q1: -0.7105341546634844, V00_q0: 0.6211976397518384, V00_q1: 0.5639769999189246,
  V10_q0: -0.025224170067648377, V10_q1: 0.007006844750778147, V11_q0: 0.07860765065267218,
  V11_q1: 0.0011398818328272398, Y0s_q0: -1.5912813859816508, Y0s_q1: -1.5990140602861413,
  Y1s_q0: -1.4204805509821397, Y1s_q1: -1.3988696386512576, Z0s_q0: 0.00020449377853489962,
  Z0s_q1: 0.00019742646824643382, Z1s_q0: 0.00010355067980113767, Z1s_q1: 0.00010074278123840915}
