{E0_q0: 0.7534669427799117, E0_q1: 0.7647548162364309, E1_q0: -0.6999999999999997,
  E1_q1: -0.7999999999999996, V00_q0: 1.164260212720711, V00_q1: 1.0853441241356996,
  V10_q0: 0.0, V10_q1: 0.0, V11_q0: 0.0, V11_q1: 0.0, Y0s_q0: -1.6296715378985764,
  Y0s_q1: -1.634501620005435, Y1s_q0: 6.638604395450274e-16, Y1s_q1: 2.8163888619131987e-18,
  Z0s_q0: 0.00021261854159574788, Z0s_q1: 0.000205224693663685, Z1s_q0: 0.0, Z1s_q1: 0.0}
