{E0_q0: 0.745472344007732, E0_q1: 0.7709093021419516, E1_q0: 0.15399502921193284,
  E1_q1: -2.3186302137846577, U00_q0: -4.4187320015510165, U00_q1: -3.8158994726849937,
  U10_q0: 4.244572167906855, U10_q1: 0.8663272059990452, U11_q0: 8.143565013267656e-08,
  U11_q1: -0.0007422339779727816, V00_q0: 1.0560886780243917, V00_q1: 0.8769437606246615,
  V10_q0: -0.7888730918800452, V10_q1: 0.5131916882215832, V11_q0: -0.0005370458770674594,
  V11_q1: -0.019813783712502576, Y0s_q0: -1.4990729251222885, Y0s_q1: -1.511330881465078,
  Y1s_q0: 0.16397340861161971, Y1s_q1: -0.03593938583792757, Z0s_q0: 0.00021530041375833654,
  Z0s_q1: 0.00019975366415459064, Z1s_q0: -1.675402930224911e-05, Z1s_q1: 4.817461399938544e-06}
