{E0_q0: 0.7368855818916148, E0_q1: 0.7626118105515313, E1_q0: -0.9268317785027079,
  E1_q1: -0.974003623914108, U00_q0: -4.335802391518388, U00_q1: -3.9105678657735083,
  U10_q0: 1.7751913559382275, U10_q1: 1.5532134118335978, U11_q0: -0.1850201187958291,
  U11_q1: -0.22260278734421549, V00_q0: 0.5630537592401073, V00_q1: 0.4702145609358719,
  V10_q0: 0.13356587447123, V10_q1: 0.14990253663991682, V11_q0: 0.09099659547365406,
  V11_q1: -0.11366000877154636, Y0s_q0: -1.4512037269050382, Y0s_q1: -1.464074914104986,
  Y1s_q0: -1.5833271298471245, Y1s_q1: -1.408512409661968, Z0s_q0: 0.0002133936575590102,
  Z0s_q1: 0.00019829233336320852, Z1s_q0: 3.733883205698684e-05, Z1s_q1: 3.463277201012925e-05}
