{E0_q0: 0.7298785941777624, E0_q1: 0.7556945141423612, E1_q0: -0.8336317175699571,
  E1_q1: -0.7280112894371075, U00_q0: -4.283225565443023, U00_q1: -3.860777965749569,
  U10_q0: 0.9135257147949422, U10_q1: 0.5961620115540992, U11_q0: 0.017253066729538177,
  U11_q1: -0.04859674340164866, V00_q0: 0.5753995002628969, V00_q1: 0.48005810732169785,
  V10_q0: 0.009429553630994134, V10_q1: 0.01493621093825445, V11_q0: 0.06127400203594681,
  V11_q1: 0.0972932758034255, Y0s_q0: -1.4116445848434052, Y0s_q1: -1.444528373312914,
  Y1s_q0: -2.4178639956167616, Y1s_q1: -1.9492186258673896, Z0s_q0: 0.00020784626175542162,
  Z0s_q1: 0.00019339029897391837, Z1s_q0: 0.0001204139564052363, Z1s_q1: 0.000124709424997536}
