{E0_q0: 0.7385612206872295, E0_q1: 0.764533445475798, E1_q0: -1.9945172464415457,
  E1_q1: -1.813214349839667, U00_q0: -4.1670427703009425, U00_q1: -3.7658235668057727,
  U10_q0: 0.15657231472715472, U10_q1: 0.15889369145839624, U11_q0: -0.03328934954161955,
  U11_q1: -0.15524066422636665, V00_q0: 0.5457848037630245, V00_q1: 0.4589759397828343,
  V10_q0: 0.007008905279249569, V10_q1: -0.005430522140740022, V11_q0: -0.047720136269452644,
  V11_q1: -0.06787629521906086, Y0s_q0: -1.4783754724831604, Y0s_q1: -1.4891584187571207,
  Y1s_q0: -1.499737831607918, Y1s_q1: -1.5042104866532853, Z0s_q0: 0.00021416550363562002,
  Z0s_q1: 0.0001993525715227865, Z1s_q0: 2.87253852413576e-05, Z1s_q1: -2.2561693974358962e-05}
