{E0_q0: 0.7416930387146058, E0_q1: 0.7531469939013262, E1_q0: -0.6877241996382836,
  E1_q1: -0.8514980480936657, Y0s_q0: -1.5696629548882322, Y0s_q1: -1.5760792260018979,
  Y1s_q0: -1.4920260383817758, Y1s_q1: -1.5070526995920732, Z0s_q0: 0.00021498314877319951,
  Z0s_q1: 0.0002076557562358703, Z1s_q0: 1.3917945660678261e-05, Z1s_q1: 1.245628584067492e-05}
