{E0_q0: 0.7419134844695142, E0_q1: 0.7674892651932941, E1_q0: -0.7513659192076353,
  E1_q1: -3.301360899407441, U00_q0: -4.228874996165209, U00_q1: -3.7586191579400854,
  U10_q0: 0.12973231997029308, U10_q1: 0.32335934616712486, U11_q0: 4.6518945068331726e-11,
  U11_q1: -0.00014359265099621313, V00_q0: 1.0045591988890488, V00_q1: 0.8327951305382424,
  V10_q0: -0.6107349190870635, V10_q1: 0.4115144511656855, V11_q0: -1.2523399147963342e-05,
  V11_q1: -0.016356639905226084, Y0s_q0: -1.5399160253336521, Y0s_q1: -1.5641685288345628,
  Y1s_q0: 0.02352724009456509, Y1s_q1: 0.023179767000980258, Z0s_q0: 0.0002129355723749476,
  Z0s_q1: 0.00019711787031978024, Z1s_q0: -8.162956476566792e-08, Z1s_q1: 7.399752155052858e-06}
