{E0_q0: 0.7623396882551381, E0_q1: 0.773499245828979, E1_q0: -0.6999999999999995,
  E1_q1: -0.8, V00_q0: 1.1601677563475818, V00_q1: 1.07641234928891, V10_q0: 0.0,
  V10_q1: 0.0, V11_q0: 0.0, V11_q1: 0.0, Y0s_q0: -1.6966900287612858, Y0s_q1: -1.7116200979661509,
  Y1s_q0: -3.3434876148104826e-16, Y1s_q1: 0.0, Z0s_q0: 0.00022296306554668108, Z0s_q1: 0.00021498084024433264,
  Z1s_q0: 0.0, Z1s_q1: 0.0}
