{E0_q0: 0.7409810190606332, E0_q1: 0.767144320610401, E1_q0: -1.6715680529555508,
  E1_q1: 0.05301470450822291, E2_q0: -0.7000000000000001, E2_q1: -0.7999999999999996,
  E3_q0: -0.7, E3_q1: -0.7999999999999984, U00_q0: -4.371387259032862, U00_q1: -3.944626010796338,
  U10_q0: -0.15030515934343908, U10_q1: -0.030946500399166167, U11_q0: 0.05047927652947181,
  U11_q1: -0.004485674121122864, U20_q0: 3.0030960780199864e-17, U20_q1: 5.591956992490256e-26,
  U21_q0: -9.116544185536347e-17, U21_q1: 1.6873775533135037e-31, U22_q0: 1.4206163711223334e-16,
  U22_q1: -4.99893930284701e-54, U30_q0: 1.8491799237711872e-11, U30_q1: 1.8491799237711872e-11,
  U31_q0: 1.8491799237711872e-11, U31_q1: 1.8491799237711872e-11, U32_q0: 1.8491799237711872e-11,
  U32_q1: 1.8491799237711872e-11, U33_q0: 1.8491799237711872e-11, U33_q1: 1.8491799237711872e-11,
  V00_q0: 0.562156266870744, V00_q1: 0.46872773640537485, V10_q0: -0.00416345239803781,
  V10_q1: -0.0021083580714644783, V11_q0: 0.12066622171011367, V11_q1: 0.21170135121938524,
  V20_q0: 1.1428977674469212e-11, V20_q1: -2.257297590969985e-11, V21_q0: 8.030807666239071e-13,
  V21_q1: -5.497423649939425e-14, V22_q0: 7.092546258793956e-27, V22_q1: -1.0418242968749992e-28,
  V30_q0: 2.219015908522116e-12, V30_q1: 1.8491799237711872e-12, V31_q0: 2.219015908522116e-12,
  V31_q1: 1.8491827965859982e-12, V32_q0: 2.219015908522116e-12, V32_q1: 1.8491799779746784e-12,
  V33_q0: 2.219015908522116e-12, V33_q1: 1.8491758584630266e-12, Y0s_q0: -1.4852820798214914,
  Y0s_q1: -1.4893656352907578, Y1s_q0: -0.0529676305842063, Y1s_q1: 0.029986062220758444,
  Y2s_q0: -2.7889855716002163e-16, Y2s_q1: 4.5408284744836683e-29, Y3s_q0: 5.548220833270086e-12,
  Y3s_q1: 5.547539771313562e-12, Z0s_q0: 0.0002158135957632739, Z0s_q1: 0.00020113400181141265,
  Z1s_q0: 2.415062894305466e-05, Z1s_q1: -6.567552964101816e-05, Z2s_q0: -1.2069588991031321e-16,
  Z2s_q1: -6.370307273514728e-18, Z3s_q0: 4.068195832285393e-16, Z3s_q1: 3.6983598475439254e-16}
