{E0_q0: 0.7395418041615912, E0_q1: 0.7651954184625852, E1_q0: -0.19419784475787313,
  E1_q1: -0.30076936174587227, U00_q0: -4.353721108369083, U00_q1: -3.901726562359441,
  U10_q0: 1.5683711991050149, U10_q1: -1.4964968942260524, U11_q0: -0.0005878941094105456,
  U11_q1: -0.0008769421049507871, V00_q0: 0.556827208328174, V00_q1: 0.46564012633236757,
  V10_q0: -0.03550577372825228, V10_q1: 0.059658265597096125, V11_q0: -0.0005927328025189415,
  V11_q1: 0.005374872920694191, Y0s_q0: -1.4629503025447927, Y0s_q1: -1.4727495678826605,
  Y1s_q0: -1.4827378120435886, Y1s_q1: -1.5143136223182674, Z0s_q0: 0.00021643765768933202,
  Z0s_q1: 0.00020108741237081086, Z1s_q0: -1.838616566035346e-05, Z1s_q1: 1.4039902338858585e-05}
