{E0_q0: 0.7315350376335877, E0_q1: 0.7431593616903625, E1_q0: -0.6165763748139967,
  E1_q1: -0.6258820288343391, V00_q0: 0.6085353131531654, V00_q1: 0.5564825510843904,
  V10_q0: -0.0164174502642374, V10_q1: 0.010928663484993675, V11_q0: 0.1568228762811859,
  V11_q1: 0.07638063898481245, Y0s_q0: -1.5823713885258066, Y0s_q1: -1.5922354632694458,
  Y1s_q0: -1.4821694844084725, Y1s_q1: -1.4133315373256954, Z0s_q0: 0.00020195480099622934,
  Z0s_q1: 0.00019499635565303503, Z1s_q0: 0.00011720213903394584, Z1s_q1: -0.00011399306719675333}
