{E0_q0: 0.7472042558527905, E1_q0: -0.7, E2_q0: -0.6999999999999996, E3_q0: -0.7,
  Y0s_q0: -1.4428041823091216, Y1s_q0: 0.0, Y2s_q0: 0.0, Y3s_q0: 0.0, Z0s_q0: 0.00022628389063325882,
  Z1s_q0: 0.0, Z2s_q0: 0.0, Z3s_q0: 0.0}
