{E0_q0: 0.7377768180743971, E0_q1: 0.7493054432957494, E1_q0: -0.8561733931705731,
  E1_q1: -0.8659469988061059, Y0s_q0: -1.5889416406441124, Y0s_q1: -1.597492568165746,
  Y1s_q0: -1.549590073259049, Y1s_q1: -1.4148729668017666, Z0s_q0: 0.00020828827013464758,
  Z0s_q1: 0.00020111922806675101, Z1s_q0: 6.94448948320018e-05, Z1s_q1: 6.746113995842168e-05}
