{E0_q0: 0.734095996537466, E0_q1: 0.7605782590013365, E1_q0: -0.8079218592216866,
  E1_q1: -8.805139749603258, U00_q0: -4.094125287309492, U00_q1: -3.8325057368523456,
  U10_q0: -1.6104028951705918, U10_q1: -2.871327287288774, U11_q0: 0.09388170114361839,
  U11_q1: -0.5575623753807099, V00_q0: 0.6918021723156034, V00_q1: 0.5795803882314184,
  V10_q0: -0.009929940357150493, V10_q1: 0.024177638569198558, V11_q0: 1.0574698034273087,
  V11_q1: 0.2616017078525575, Y0s_q0: -1.4355222128311302, Y0s_q1: -1.440404181207808,
  Y1s_q0: -2.647763628101398, Y1s_q1: -1.677320221472455, Z0s_q0: 0.00011792093879724465,
  Z0s_q1: 0.00010991567195061794, Z1s_q0: 1.4354840030158442e-05, Z1s_q1: 2.1651581132772936e-06}
