{E0_q0: 0.7388863320031334, E0_q1: 0.7646539662967322, E1_q0: -1.8698353499404077,
  E1_q1: -1.073201077125687, U00_q0: -4.291320366992492, U00_q1: -3.8601593605102793,
  U10_q0: -0.20484253953639373, U10_q1: 1.2528380318825274, U11_q0: 0.039111608962949095,
  U11_q1: 0.018471039057053877, V00_q0: 0.5628440044651596, V00_q1: 0.4700191520007842,
  V10_q0: -0.09596772561855013, V10_q1: -0.11768192778683037, V11_q0: -0.27056983878323904,
  V11_q1: 0.08169037644942678, Y0s_q0: -1.478420210348297, Y0s_q1: -1.489266367016856,
  Y1s_q0: -1.4966817134916877, Y1s_q1: -1.5023349618058541, Z0s_q0: 0.00021527478727275849,
  Z0s_q1: 0.00020000222803285737, Z1s_q0: 9.027268184957462e-06, Z1s_q1: 3.109568639763765e-06}
