{E0_q0: 0.73977637303308, E0_q1: 0.7655128201748994, E1_q0: -1.8577931436430075, E1_q1: -1.1276079166192092,
  U00_q0: -4.361795827799886, U00_q1: -3.9346175505994294, U10_q0: -0.740940729375898,
  U10_q1: 0.2003832936110657, U11_q0: 0.07272319634800817, U11_q1: 0.005949506237032667,
  V00_q0: 0.5415056817092205, V00_q1: 0.45074478173883187, V10_q0: -0.10645780676728228,
  V10_q1: -0.11819967366420002, V11_q0: -0.07014933126040797, V11_q1: 0.012461732786496782,
  Y0s_q0: -1.4794483041710889, Y0s_q1: -1.4893766832716946, Y1s_q0: -1.4970408253750047,
  Y1s_q1: -1.5006199950521597, Z0s_q0: 0.00021477401778140025, Z0s_q1: 0.0001995403056913174,
  Z1s_q0: 9.142496154938855e-06, Z1s_q1: 3.4678361597120583e-06}
