{E0_q0: 0.7438832279389828, E0_q1: 0.7553139187573181, E1_q0: -0.7000000000000002,
  E1_q1: -0.8000000000000002, Y0s_q0: -1.6602351360361678, Y0s_q1: -1.6765599107535163,
  Y1s_q0: -1.2390076098674663e-16, Y1s_q1: 0.0, Z0s_q0: 0.0002092810795509836, Z0s_q1: 0.00020183911957926995,
  Z1s_q0: 0.0, Z1s_q1: 0.0}
