{E0_q0: 0.7417185466948394, E1_q0: -0.7000000000000002, E2_q0: -0.6999999999999997,
  E3_q0: -0.7, Y0s_q0: -1.4165788191136832, Y1s_q0: 0.0, Y2s_q0: 0.0, Y3s_q0: 0.0,
  Z0s_q0: 0.00022173155989762145, Z1s_q0: 0.0, Z2s_q0: 0.0, Z3s_q0: 0.0}
