{E0_q0: 0.7384843109802677, E0_q1: 0.7641344140694774, E1_q0: -0.41695301636658477,
  E1_q1: -2.6296745365081144, U00_q0: -4.292243920897125, U00_q1: -3.904125298557425,
  U10_q0: 0.26694689817364003, U10_q1: 0.49989054877338185, U11_q0: 3.1573896552314486e-08,
  U11_q1: -0.00015001161186584976, V00_q0: 0.5630461717698291, V00_q1: 0.46774086033688456,
  V10_q0: -0.2966283653362105, V10_q1: 0.19644522314237325, V11_q0: 6.166481529850668e-05,
  V11_q1: -0.005551336808228694, Y0s_q0: -1.460546129116035, Y0s_q1: -1.4736022903898196,
  Y1s_q0: -1.4966341663919278, Y1s_q1: -1.4945488618930947, Z0s_q0: 0.00021511076364257432,
  Z0s_q1: 0.00019977968920565858, Z1s_q0: -3.6766511091518496e-07, Z1s_q1: 5.3718162848572e-06}
