{E0_q0: 0.7503731310459565, E0_q1: 0.7763166056160437, E1_q0: -1.5950144281725673,
  E1_q1: -1.4594926384457063, U00_q0: -4.056796654671237, U00_q1: -3.388308883191564,
  U10_q0: 0.059871831640785536, U10_q1: 0.16710309499746165, U11_q0: 0.039489382766024164,
  U11_q1: -0.030696089536265583, V00_q0: 0.9806490318911694, V00_q1: 0.8313962588466084,
  V10_q0: 0.0009910819777496046, V10_q1: 0.0017178141541110675, V11_q0: -0.10757282861254404,
  V11_q1: 0.151061595866489, Y0s_q0: -1.6013439423916445, Y0s_q1: -1.5904088250437394,
  Y1s_q0: 0.09036443682343871, Y1s_q1: -0.3667069115385244, Z0s_q0: 0.00021428123642948643,
  Z0s_q1: 0.00019923616605278937, Z1s_q0: 5.87153079007854e-05, Z1s_q1: -5.498590828013635e-05}
