{E0_q0: 0.7210908111815748, E0_q1: 0.7450274806160538, E1_q0: -0.7, E1_q1: -0.8, E2_q0: -0.7,
  E2_q1: -0.8, Z0s_q0: 0.00021072650224238264, Z0s_q1: 0.00019497073561681864, Z1s_q0: 0.0,
  Z1s_q1: 0.0, Z2s_q0: 0.0, Z2s_q1: 0.0}
