{E0_q0: 0.7369776588032316, E0_q1: 0.7627068460974734, E1_q0: 0.45125171310197276,
  E1_q1: 0.02499332602071972, U00_q0: -4.278856056122543, U00_q1: -3.8623760989195772,
  U10_q0: 2.9453145277165143, U10_q1: 2.1815275797365064, U11_q0: -1.0343665353569257e-05,
  U11_q1: -1.8875082133134513e-05, V00_q0: 0.576750859224098, V00_q1: 0.4829002435098677,
  V10_q0: 0.14267971355462528, V10_q1: 0.21207539067471456, V11_q0: 0.0035380310086254732,
  V11_q1: -0.005181934793068777, Y0s_q0: -1.455216288128751, Y0s_q1: -1.4673439837052435,
  Y1s_q0: -1.4752558903701625, Y1s_q1: -1.4842019383974399, Z0s_q0: 0.0002136515783448252,
  Z0s_q1: 0.00019851795191692554, Z1s_q0: 5.447281082744448e-05, Z1s_q1: 1.8355224845961145e-05}
