{E0_q0: 0.73646093207553, E0_q1: 0.7626626473539895, E1_q0: -2.1381755471394834, E1_q1: -1.7880718669738223,
  U00_q0: -4.338732080952366, U00_q1: -3.8479190482196644, U10_q0: -0.06538315138068673,
  U10_q1: 0.020565528001475004, U11_q0: 0.0035868460946864803, U11_q1: 0.061497564066466566,
  V00_q0: 0.5565725826770499, V00_q1: 0.4655898388501744, V10_q0: 0.008389279109100202,
  V10_q1: -0.001901683372224042, V11_q0: -0.03939420169633125, V11_q1: -0.036610542496893064,
  Y0s_q0: -1.4727292859993637, Y0s_q1: -1.485471797958498, Y1s_q0: -1.5067041295867905,
  Y1s_q1: -1.508373658647154, Z0s_q0: 0.0002130908665493582, Z0s_q1: 0.00019872091578787825,
  Z1s_q0: 3.030952522227914e-05, Z1s_q1: -2.138567666116788e-05}
