{E0_q0: 0.723757448243079, E1_q0: -0.7000000000000004, E2_q0: -0.6999999999999997,
  E3_q0: -0.7, V00_q0: 1.2229606572802327, Z0s_q0: 0.00019949471987907886, Z1s_q0: 0.0,
  Z2s_q0: 0.0, Z3s_q0: 0.0}
