{E0_q0: 0.7349796607557595, E0_q1: 0.7613413864111599, E1_q0: -0.8305175872380398,
  E1_q1: -0.6485793699461778, E2_q0: -0.7, E2_q1: -0.7999999999999996, E3_q0: -0.7,
  E3_q1: -0.7999999999999995, U00_q0: -4.37033222226297, U00_q1: -3.9312072393770685,
  U10_q0: 0.0514589303863656, U10_q1: -0.01676823936712604, U11_q0: 0.016558686505255046,
  U11_q1: -0.008679083476403624, U20_q0: -6.35117621858931e-16, U20_q1: -1.1367023261939661e-21,
  U21_q0: 3.576327995054388e-18, U21_q1: 6.33191067034559e-26, U22_q0: -5.662246914741649e-18,
  U22_q1: 1.1816481364335184e-53, U30_q0: 6.848560882103883e-16, U30_q1: 6.848560882103883e-16,
  U31_q0: 6.848560882103883e-16, U31_q1: 6.848560882103883e-16, U32_q0: 6.848560882103883e-16,
  U32_q1: 6.848560882103883e-16, U33_q0: 6.848560882103883e-16, U33_q1: 6.848560882103883e-16,
  V00_q0: 0.5669342517768245, V00_q1: 0.4735039313490062, V10_q0: 0.001668141964831856,
  V10_q1: 0.0002857921207347104, V11_q0: 0.10034205409660489, V11_q1: 0.046490022384049576,
  V20_q0: 1.2137305628547778e-11, V20_q1: 2.996401256922246e-12, V21_q0: 1.6654533497072975e-13,
  V21_q1: 1.0722345105092981e-13, V22_q0: 6.541281988970597e-28, V22_q1: 5.983465860491441e-28,
  V30_q0: 8.218273058461652e-17, V30_q1: 6.848560882071572e-17, V31_q0: 8.218273058461652e-17,
  V31_q1: 6.72822357168294e-17, V32_q0: 8.218273058461652e-17, V32_q1: 6.858318143987886e-17,
  V33_q0: 8.218273058461652e-17, V33_q1: 7.075180949398861e-17, Y0s_q0: -1.4752094042409514,
  Y0s_q1: -1.4837100552722187, Y1s_q0: -0.13116796630176542, Y1s_q1: 0.07930129976151913,
  Y2s_q0: -2.3399746212094498e-17, Y2s_q1: -1.1933536736489213e-22, Y3s_q0: 1.7756726102331504e-16,
  Y3s_q1: 2.0545682646214715e-16, Z0s_q0: 0.00021484094667974222, Z0s_q1: 0.0001999351983596194,
  Z1s_q0: 3.2950095054848956e-05, Z1s_q1: -2.5786773475049133e-05, Z2s_q0: -4.921600594126278e-12,
  Z2s_q1: -6.110571818766781e-13, Z3s_q0: 1.5078791776443427e-20, Z3s_q1: 1.3697121764269203e-20}
