{E0_q0: 0.753609526776468, E0_q1: 0.7787902818928083, E1_q0: -0.7131419904992135,
  E1_q1: -3.331488187794824, U00_q0: -4.126027264710644, U00_q1: -3.664839721349822,
  U10_q0: 0.07815659458592736, U10_q1: 0.24884882914542475, U11_q0: 9.381129257957563e-12,
  U11_q1: -4.0605364622764675e-05, V00_q0: 1.0263674100435412, V00_q1: 0.8543877748221963,
  V10_q0: 0.4860015042622816, V10_q1: -0.4661088163939225, V11_q0: -5.677364352695628e-06,
  V11_q1: -0.008655938855267923, Y0s_q0: -1.5400382388385643, Y0s_q1: -1.5368576650812564,
  Y1s_q0: 0.012149877906646931, Y1s_q1: 0.04073157470911685, Z0s_q0: 0.00022030947709423258,
  Z0s_q1: 0.00020415822404800933, Z1s_q0: 5.8419475826682886e-08, Z1s_q1: -7.00835798716871e-06}
