{E0_q0: 0.7373174709965821, E1_q0: -0.7000000000000001, E2_q0: -0.7000000000000005,
  E3_q0: -0.7000000000000001, V00_q0: 1.2490964222886278, Y0s_q0: -1.6303210242215422,
  Y1s_q0: 0.0, Y2s_q0: 0.0, Y3s_q0: 0.0, Z0s_q0: 0.0002129522556744199, Z1s_q0: 0.0,
  Z2s_q0: 0.0, Z3s_q0: 0.0}
