{E0_q0: 0.7367570892896027, E0_q1: 0.7629767567742545, E1_q0: -1.3551955696553535,
  E1_q1: -0.537396513698011, U00_q0: -4.380964848171809, U00_q1: -3.9327810631052813,
  U10_q0: -0.22366650771171695, U10_q1: 0.5272840119734267, U11_q0: -0.29674974055355663,
  U11_q1: -0.09535338364807042, V00_q0: 0.5596622955319431, V00_q1: 0.46682529351314556,
  V10_q0: -0.003702707404719074, V10_q1: -0.004551852820493391, V11_q0: 0.09164414319474407,
  V11_q1: 0.09447010931709207, Y0s_q0: -1.4845588585125946, Y0s_q1: -1.4918011362765082,
  Y1s_q0: -1.5255487177750373, Y1s_q1: -1.4910735116277078, Z0s_q0: 0.0002140456557502118,
  Z0s_q1: 0.00019926114985867357, Z1s_q0: 2.75533549329221e-05, Z1s_q1: 3.1230669409274456e-05}
