{E0_q0: 0.7424735364041511, E0_q1: 0.7542768191624539, E1_q0: -0.5151617249361639,
  E1_q1: -0.2896934539997897, V00_q0: 0.6146424787495375, V00_q1: 0.5609443275368474,
  V10_q0: -0.07996504033627996, V10_q1: 0.036341029101369625, V11_q0: 0.021007191162383886,
  V11_q1: 0.017020884326579076, Z0s_q0: 0.00021075008152821284, Z0s_q1: 0.00020358734275179271,
  Z1s_q0: 3.242439240512245e-05, Z1s_q1: -5.0753027299991044e-05}
