{E0_q0: 0.7330694243041022, E0_q1: 0.7585137538798365, E1_q0: -0.48126313955002725,
  E1_q1: -1.3567583751320351, U00_q0: -4.683080759103028, U00_q1: -4.18734444532291,
  U10_q0: 0.6415260175721602, U10_q1: -0.8154963257410901, U11_q0: 1.6938887723942505e-05,
  U11_q1: 0.000696001631427854, V00_q0: 0.5892873257733494, V00_q1: 0.49339894533978595,
  V10_q0: 0.06410548488445134, V10_q1: 0.13185353488458929, V11_q0: -0.00168976515666742,
  V11_q1: -0.004305963702254852, Y0s_q0: -1.464467808339014, Y0s_q1: -1.471215423690956,
  Y1s_q0: -1.4982172094889943, Y1s_q1: -1.5122635384937917, Z0s_q0: 0.0002150083482936894,
  Z0s_q1: 0.0001991909879365042, Z1s_q0: -3.126819826411841e-05, Z1s_q1: -2.4017495911445247e-05}
