{E0_q0: 0.7339389244203874, E0_q1: 0.7599928968990033, E1_q0: -0.22276633835754459,
  E1_q1: -0.7680092865929938, E2_q0: -0.7030631626664956, E2_q1: -0.8416664793263461,
  E3_q0: -0.6999090681283284, E3_q1: -0.7984720898160488, U00_q0: -4.430183885120621,
  U00_q1: -4.018827951150882, U10_q0: -0.448207419496243, U10_q1: -2.163653757365329,
  U11_q0: -4.685967011154331e-05, U11_q1: -8.684836573279784e-05, U20_q0: 0.01054343454055299,
  U20_q1: -0.0069292537924368885, U21_q0: -1.2464592608844454e-06, U21_q1: -5.674380960099724e-06,
  U22_q0: -7.997231904342576e-10, U22_q1: 9.207323035423252e-10, U30_q0: -2.1633901184054414e-05,
  U30_q1: 0.00324352127853065, U31_q0: -3.903904380119791e-10, U31_q1: 6.238630764271522e-08,
  U32_q0: -5.781685029388278e-13, U32_q1: 5.414403216751896e-11, U33_q0: 3.696796275030648e-15,
  U33_q1: -3.624130769038621e-15, V00_q0: 0.5695546063918484, V00_q1: 0.4738389140356098,
  V10_q0: -0.02690508558003009, V10_q1: 0.047358305159130185, V11_q0: 0.01180111560662609,
  V11_q1: 0.011866056122650168, V20_q0: -0.09488365171864133, V20_q1: 0.024576053050031788,
  V21_q0: -0.0007538102500595212, V21_q1: 0.00024604965351081667, V22_q0: 8.52045377249321e-06,
  V22_q1: -1.2986788939003876e-05, V30_q0: 0.00586021400728085, V30_q1: -0.04464919673515252,
  V31_q0: 1.9608449145489307e-05, V31_q1: -0.0002171446005521801, V32_q0: -3.214620392005107e-07,
  V32_q1: 4.2959862495178594e-06, V33_q0: 4.325262834647874e-09, V33_q1: -5.4829706497152265e-08,
  Y0s_q0: -1.4614948688356335, Y0s_q1: -1.471251340105394, Y1s_q0: -1.458689049568388,
  Y1s_q1: -1.5717412652987035, Y2s_q0: -1.500499092650286, Y2s_q1: -1.4961166472975889,
  Y3s_q0: -1.4999997536805085, Y3s_q1: -1.4996799178812499, Z0s_q0: 0.00021372711201591259,
  Z0s_q1: 0.00019863635730430724, Z1s_q0: 7.960793209239162e-06, Z1s_q1: 1.4397616841439614e-05,
  Z2s_q0: -5.449627256774863e-05, Z2s_q1: 8.896013819545513e-06, Z3s_q0: -0.00036115260553203185,
  Z3s_q1: -1.3210394518581121e-05}
