{E0_q0: 0.6735131690991362, E0_q1: 0.6861194558186285, E1_q0: -0.6104334805364705,
  E1_q1: -0.3326031902033569, U00_q0: -5.952123432621875, U00_q1: -5.405747283035377,
  U10_q0: -6.3332721406622525, U10_q1: 7.69409014536871, U11_q0: 3.448364974962795e-05,
  U11_q1: -1.4305644557763689e-05, V00_q0: 0.5742877372910336, V00_q1: 0.5159583752040131,
  V10_q0: -0.04110608495136981, V10_q1: 1.2170230289947341, V11_q0: -0.007041283316142792,
  V11_q1: -0.0088512100588403, Y0s_q0: -1.6203352655486654, Y0s_q1: -1.6320488272335145,
  Y1s_q0: -1.7273135506985873, Y1s_q1: -1.4195959492062746, Z0s_q0: 0.00021033904131157274,
  Z0s_q1: 0.00020267241630867114, Z1s_q0: -1.611109439471064e-07, Z1s_q1: 3.295562043105111e-08}
