{E0_q0: 0.7341277220102077, E0_q1: 0.7457056536138766, E1_q0: -0.9141415792215163,
  E1_q1: -0.9250877400704453, V00_q0: 0.6083050756663493, V00_q1: 0.557200514085808,
  V10_q0: -0.009598548335317704, V10_q1: 0.007872102104296485, V11_q0: 0.33355627256587356,
  V11_q1: -0.14548314145734503, Y0s_q0: -1.6103859607208415, Y0s_q1: -1.6186668640521162,
  Y1s_q0: -1.4212456751692877, Y1s_q1: -1.4043016054335031, Z0s_q0: 0.0002012485798882095,
  Z0s_q1: 0.00019422788859205722, Z1s_q0: 0.00010379908468449893, Z1s_q1: 0.00010095059433396175}
