{E0_q0: 0.7416273957888674, E0_q1: 0.750484206337776, E1_q0: -0.30157286566846475,
  E1_q1: -1.175448134257989, Z0s_q0: 0.00021452068783746401, Z0s_q1: 0.0002045617461005096,
  Z1s_q0: 5.926245774315319e-05, Z1s_q1: -5.309339838396975e-05}
