{E0_q0: 0.7441839109386458, E0_q1: 0.7556120367919761, E1_q0: 0.5356649928859382,
  E1_q1: -2.1109207188968213, U00_q0: -4.665467916491904, U00_q1: -4.356155330837337,
  U10_q0: 0.06691868042010338, U10_q1: -0.44589236487711487, U11_q0: 1.1748500444922838e-08,
  U11_q1: 6.61405204192443e-08, V00_q0: 0.5720322558135961, V00_q1: 0.5249173249799847,
  V10_q0: 0.0007768639493158465, V10_q1: 0.5675660479935309, V11_q0: -0.00014658200850828595,
  V11_q1: 0.00021950415481039945, Y0s_q0: -1.5709991186078387, Y0s_q1: -1.5791534398251286,
  Y1s_q0: -1.5016774109921867, Y1s_q1: -1.5075797265312625, Z0s_q0: 0.00021137785217840416,
  Z0s_q1: 0.0002041897242848968, Z1s_q0: 1.553375022972776e-05, Z1s_q1: 1.6931882456278868e-07}
