{E0_q0: 0.7258205987000353, E1_q0: -0.7000000000000001, E2_q0: -0.6999999999999997,
  E3_q0: -0.7, V00_q0: 1.2735993924777131, Z0s_q0: 0.00020744572209661403, Z1s_q0: 0.0,
  Z2s_q0: 0.0, Z3s_q0: 0.0}
