{E0_q0: 0.7360506763386238, E0_q1: 0.7617901106130663, E1_q0: 0.29873661407520674,
  E1_q1: -2.4670674778783237, E2_q0: -0.7000000000000013, E2_q1: -0.7999999999880941,
  E3_q0: -0.7000000000000012, E3_q1: -0.7999999999881344, U00_q0: -4.480048625699059,
  U00_q1: -4.143100434837463, U10_q0: 0.13624714808582267, U10_q1: 0.47964852173647887,
  U11_q0: 8.236541241761125e-12, U11_q1: -1.4438073585217202e-05, U20_q0: -1.473570107692811e-15,
  U20_q1: 5.257368255713729e-16, U21_q0: 2.4640665326353423e-21, U21_q1: 1.3250498680809427e-24,
  U22_q0: 5.230123302581961e-52, U22_q1: 3.972776716619245e-39, U30_q0: 1.682959273717258e-11,
  U30_q1: 0.0004952928919664991, U31_q0: 1.6829515016913656e-11, U31_q1: 0.0004952928917671229,
  U32_q0: 1.6829515017130225e-11, U32_q1: 0.0004952928917671229, U33_q0: 1.6829515017130225e-11,
  U33_q1: 1.6829515017130225e-11, V00_q0: 0.571464571129313, V00_q1: 0.47122720099544163,
  V10_q0: -0.275323707606423, V10_q1: 0.27955362665019606, V11_q0: 2.6647538736137712e-06,
  V11_q1: -0.0022154231377133475, V20_q0: 1.9056283943745053e-11, V20_q1: 4.863750786273305e-11,
  V21_q0: -1.578616436486924e-16, V21_q1: 8.855254183694872e-14, V22_q0: 3.2975732639900827e-26,
  V22_q1: 3.613085655451652e-19, V30_q0: 1.4575216761242576e-08, V30_q1: 7.267594453032973e-08,
  V31_q0: 1.9267833685843516e-12, V31_q1: 4.5177372954868394e-11, V32_q0: 2.0195418020622916e-12,
  V32_q1: 1.6829514999348335e-12, V33_q0: 2.0195418024601946e-12, V33_q1: 1.6829507193989586e-12,
  Y0s_q0: -1.473190989195961, Y0s_q1: -1.4859664888876754, Y1s_q0: 0.01738619113448839,
  Y1s_q1: 0.0552827672285696, Y2s_q0: -3.1155129055134615e-20, Y2s_q1: 2.7155929153925915e-15,
  Y3s_q0: 5.048873026070054e-12, Y3s_q1: 5.3939261015794844e-12, Z0s_q0: 0.00021442273194765388,
  Z0s_q1: 0.0001990580024326071, Z1s_q0: -1.0493020371400617e-06, Z1s_q1: 3.4494496914474137e-06,
  Z2s_q0: 9.901172930850393e-15, Z2s_q1: 6.062314823164186e-14, Z3s_q0: 6.446566326545923e-12,
  Z3s_q1: -3.3780093904258854e-12}
