{E0_q0: 0.7369694081200018, E0_q1: 0.7627170297966308, E1_q0: -0.6999999999999998,
  E1_q1: -0.8000000000000003, E2_q0: -0.6999999999999995, E2_q1: -0.8000000000000002,
  V00_q0: 1.0765153832279661, V00_q1: 0.8910334604075069, V10_q0: 0.0, V10_q1: 0.0,
  V11_q0: 0.0, V11_q1: 0.0, V20_q0: 0.0, V20_q1: 0.0, V21_q0: 0.0, V21_q1: 0.0, V22_q0: 0.0,
  V22_q1: 0.0, Y0s_q0: -1.4694674462153363, Y0s_q1: -1.4709104302842546, Y1s_q0: 0.0,
  Y1s_q1: 0.0, Y2s_q0: 0.0, Y2s_q1: 0.0, Z0s_q0: 0.0002196480861076018, Z0s_q1: 0.00020403053212078833,
  Z1s_q0: 0.0, Z1s_q1: 0.0, Z2s_q0: 0.0, Z2s_q1: 0.0}
