{E0_q0: 0.7457301116913175, E0_q1: 0.7581215271629077, E1_q0: -0.6811429499340473,
  E1_q1: -0.8080601589990142, Z0s_q0: 0.00021672842860865789, Z0s_q1: 0.00020989259602165284,
  Z1s_q0: 2.203975793108465e-05, Z1s_q1: -7.987186649852667e-09}
