{E0_q0: 0.7386182339134091, E0_q1: 0.7644126229620256, E1_q0: -1.9534520024402748,
  E1_q1: -1.0331812561319844, U00_q0: -4.265576366389544, U00_q1: -3.849065910930902,
  U10_q0: -0.5604628944606482, U10_q1: 1.0756879185452173, U11_q0: 0.4820581228236675,
  U11_q1: -0.05565591814000791, V00_q0: 0.5485713400721032, V00_q1: 0.45825364632336996,
  V10_q0: 0.08339733617950702, V10_q1: 0.09470662782941323, V11_q0: 0.013142927797812162,
  V11_q1: 0.07030813454893316, Y0s_q0: -1.4719502299419727, Y0s_q1: -1.4820787238019415,
  Y1s_q0: -1.4856636437930952, Y1s_q1: -1.4990138391524983, Z0s_q0: 0.00021534536012226735,
  Z0s_q1: 0.00020014898227015455, Z1s_q0: -9.807026066751198e-06, Z1s_q1: -3.048105437102634e-06}
