{E0_q0: 0.7610894859377757, E0_q1: 0.7722669009877199, E1_q0: -0.6999999999999994,
  E1_q1: -0.7999999999999999, V00_q0: 1.097078034581792, V00_q1: 1.0162003319607493,
  V10_q0: 0.0, V10_q1: 0.0, V11_q0: 0.0, V11_q1: 0.0, Y0s_q0: -1.7221621176839779,
  Y0s_q1: -1.7232504849184918, Y1s_q0: -3.4978811225601356e-16, Y1s_q1: 0.0, Z0s_q0: 0.0002181143441180102,
  Z0s_q1: 0.00021023373737762583, Z1s_q0: 0.0, Z1s_q1: 0.0}
