{E0_q0: 0.7386825724436867, E0_q1: 0.7643262939280234, E1_q0: -0.47455800746187726,
  E1_q1: -2.603057737563976, U00_q0: -4.302445957994891, U00_q1: -3.9124261484901988,
  U10_q0: 0.37403966909878594, U10_q1: 0.4700115939538637, U11_q0: -4.367225915509568e-09,
  U11_q1: -0.00010701405735416409, V00_q0: 0.5647389511600363, V00_q1: 0.4691421745100337,
  V10_q0: 0.3004737764188091, V10_q1: -0.19028892443276618, V11_q0: 3.634381378295875e-05,
  V11_q1: -0.006300313304121359, Y0s_q0: -1.4609705585142758, Y0s_q1: -1.474057486525162,
  Y1s_q0: -1.4955773269838688, Y1s_q1: -1.4918368825738149, Z0s_q0: 0.00021508998163917515,
  Z0s_q1: 0.0001997593145955823, Z1s_q0: 3.5828678249665527e-07, Z1s_q1: -5.3842134476494416e-06}
