{E0_q0: 0.7427007353246543, E0_q1: 0.7541491373671473, E1_q0: -0.7000000000000001,
  E1_q1: -0.7999999999999999, Y0s_q0: -1.6344112516997094, Y0s_q1: -1.6470301325564054,
  Y1s_q0: -3.848183897308305e-16, Y1s_q1: 0.0, Z0s_q0: 0.00021169682068655966, Z0s_q1: 0.00020426070763710926,
  Z1s_q0: 0.0, Z1s_q1: 0.0}
