{E0_q0: 0.7426188463736754, E0_q1: 0.7540681873275983, E1_q0: -0.20158062791807516,
  E1_q1: -1.6919767447203964, Y0s_q0: -1.575839260231098, Y0s_q1: -1.5790677397492292,
  Y1s_q0: -1.4400561010158976, Y1s_q1: -1.6561353942844352, Z0s_q0: 0.0002131314130019621,
  Z0s_q1: 0.00020586653385768565, Z1s_q0: 9.400660736323475e-07, Z1s_q1: 7.453608315031351e-07}
