{E0_q0: 0.7413137768889903, E0_q1: 0.7668894567379503, E1_q0: 0.6888339064491198,
  E1_q1: -1.1625022834781145, U00_q0: -4.246376725209392, U00_q1: -3.886709673328696,
  U10_q0: 1.6204151035462, U10_q1: 0.08725691360776279, U11_q0: 1.3952946296323899e-08,
  U11_q1: -2.6102765458796054e-05, V00_q0: 0.555120269920848, V00_q1: 0.4645467960462463,
  V10_q0: -0.021107465278944762, V10_q1: 0.13673059088537473, V11_q0: 0.00011957068294141399,
  V11_q1: -0.004257768757846389, Y0s_q0: -1.4782218599946897, Y0s_q1: -1.4886598180211654,
  Y1s_q0: -1.479384505226605, Y1s_q1: -1.4982217439719256, Z0s_q0: 0.00021657024175053723,
  Z0s_q1: 0.0002010887715198685, Z1s_q0: -7.140891819579334e-05, Z1s_q1: 3.7087176162209334e-06}
