{E0_q0: 0.719853271034548, E0_q1: 0.7488931602587771, E1_q0: -1.0654110405523678,
  E1_q1: -1.1088516733607934, E2_q0: -1.8531827800824077, E2_q1: -1.0398804168871523,
  E3_q0: -1.48111784322762, E3_q1: -1.0551902788777097, U00_q0: -4.750078388528979,
  U00_q1: -4.272491542879104, U10_q0: -1.7075955721447698, U10_q1: -0.05452379021755346,
  U11_q0: 0.04527639970618221, U11_q1: 0.05069056383714838, U20_q0: 1.946737855256293,
  U20_q1: 2.040744235091136, U21_q0: 0.3515807220076417, U21_q1: 0.040192861938452486,
  U22_q0: 0.1410823466845674, U22_q1: 0.011123444697807974, U30_q0: -0.6890685155851504,
  U30_q1: -1.643789980869099, U31_q0: 0.03508429259750143, U31_q1: -0.00018264249999035845,
  U32_q0: 0.055030504913252405, U32_q1: 0.0031267915612043814, U33_q0: 0.0015294594995583434,
  U33_q1: 8.192192170386594e-05, V00_q0: 0.5973909121308159, V00_q1: 0.4835034923003623,
  V10_q0: -0.4642415369996164, V10_q1: 0.023301084088253432, V11_q0: 0.105319874248666,
  V11_q1: 0.08670761248969389, V20_q0: -0.4172108136431395, V20_q1: -0.14865771878292694,
  V21_q0: -0.29724781304433506, V21_q1: -0.08916566574339159, V22_q0: 0.17253909902335088,
  V22_q1: -0.04092140307657113, V30_q0: -0.39769275393371273, V30_q1: -0.1967351947591606,
  V31_q0: 0.09302209121816649, V31_q1: 0.02503172927193915, V32_q0: -0.10699651969745831,
  V32_q1: 0.024812936763750064, V33_q0: 0.019521464797937794, V33_q1: -0.0036088983138349833,
  Y0s_q0: -1.448970950464932, Y0s_q1: -1.5010072487279826, Y1s_q0: 0.6607046047885031,
  Y1s_q1: -0.4324826423038532, Y2s_q0: -2.09275160593521, Y2s_q1: -0.12069359638491277,
  Y3s_q0: 0.3726021754391865, Y3s_q1: -0.09183094046043659, Z0s_q0: 0.0002043824662702904,
  Z0s_q1: 0.00019119875400852316, Z1s_q0: 5.0232629262189816e-05, Z1s_q1: -8.236458017907943e-05,
  Z2s_q0: -0.0001150631617422214, Z2s_q1: -8.765972213163e-05, Z3s_q0: 8.036437670075825e-05,
  Z3s_q1: 8.491114402550792e-05}
