{E0_q0: 0.7528953610335214, E1_q0: -0.7000000000000003, E2_q0: -0.6999999999999996,
  E3_q0: -0.7, Y0s_q0: -1.6290648374930152, Y1s_q0: 0.0, Y2s_q0: 0.0, Y3s_q0: 0.0,
  Z0s_q0: 0.0002192561133505795, Z1s_q0: 0.0, Z2s_q0: 0.0, Z3s_q0: 0.0}
