{E0_q0: 0.731069838803729, E0_q1: 0.7423259348058757, E1_q0: -0.7, E1_q1: -0.8000000000000004,
  E2_q0: -0.7, E2_q1: -0.8, E3_q0: -0.7, E3_q1: -0.7999999999999998, V00_q0: 1.184521652577182,
  V00_q1: 1.093271425489655, V10_q1: 0.0, V11_q1: 0.0, V20_q1: 0.0, V21_q1: 0.0, V22_q1: 0.0,
  V30_q1: 0.0, V31_q1: 0.0, V32_q1: 0.0, V33_q1: 0.0, Z0s_q0: 0.0002100238898377931,
  Z0s_q1: 0.0002026823265472809, Z1s_q0: 0.0, Z1s_q1: 0.0, Z2s_q0: 0.0, Z2s_q1: 0.0,
  Z3s_q0: 0.0, Z3s_q1: 0.0}
