{E0_q0: 0.7494016686334446, E0_q1: 0.7607498231727352, E1_q0: -0.7000000000000007,
  E1_q1: -0.7999999999999999, E2_q0: -0.7, E2_q1: -0.8000000000000002, E3_q0: -0.6999999999999997,
  E3_q1: -0.8000000000000004, Y0s_q0: -1.6744203016239183, Y0s_q1: -1.6850172337173195,
  Y1s_q0: 0.0, Y1s_q1: 0.0, Y2s_q0: 0.0, Y2s_q1: 0.0, Y3s_q0: 0.0, Y3s_q1: 0.0, Z0s_q0: 0.00021681361952982165,
  Z0s_q1: 0.00020908644425365582, Z1s_q0: 0.0, Z1s_q1: 0.0, Z2s_q0: 0.0, Z2s_q1: 0.0,
  Z3s_q0: 0.0, Z3s_q1: 0.0}
