{E0_q0: 0.7403610565509711, E0_q1: 0.7659488067619613, E1_q0: -0.38710165590024764,
  E1_q1: -2.7379916337575576, U00_q0: -4.33894544952149, U00_q1: -3.9333650118400865,
  U10_q0: 0.8554459718171807, U10_q1: -0.2625097279035544, U11_q0: 1.7735281721071841e-06,
  U11_q1: 0.00029056477149540607, V00_q0: 0.5714936772894454, V00_q1: 0.47362060481117574,
  V10_q0: -0.260372796096759, V10_q1: 0.2198414680000213, V11_q0: -3.456790397471831e-05,
  V11_q1: -0.005424938704378768, Y0s_q0: -1.4610043649033644, Y0s_q1: -1.474040010474788,
  Y1s_q0: -1.4917141725541008, Y1s_q1: -1.5032517260883627, Z0s_q0: 0.00021603098623122348,
  Z0s_q1: 0.0002006479320495772, Z1s_q0: -4.073625274763469e-07, Z1s_q1: 5.281461999173924e-06}
