{E0_q0: 0.7439795538461984, E1_q0: -0.7, E2_q0: -0.7, E3_q0: -0.7, Y0s_q0: -1.4164710792747301,
  Y1s_q0: 0.0, Y2s_q0: 0.0, Y3s_q0: 0.0, Z0s_q0: 0.00022295030439124715, Z1s_q0: 0.0,
  Z2s_q0: 0.0, Z3s_q0: 0.0}
