{E0_q0: 0.7222198300143338, E0_q1: 0.7515182236969152, E1_q0: -1.3076259873996074,
  E1_q1: -0.5186486718373482, V00_q0: 0.5828692431488578, V00_q1: 0.4642124478770155,
  V10_q0: 0.007793209504052142, V10_q1: 0.2072956172941697, V11_q0: 0.13505003973812696,
  V11_q1: -0.033049423125953596, Z0s_q0: 0.0002088978041288976, Z0s_q1: 0.00019735247640064076,
  Z1s_q0: 4.54565785566329e-05, Z1s_q1: 1.0518605977241898e-05}
