{E0_q0: 0.7579831826952205, E0_q1: 0.7831263652670214, E1_q0: -1.8751079818098892,
  E1_q1: -0.9237584512643918, U00_q0: -4.148800996141048, U00_q1: -3.738209008557095,
  U10_q0: -0.1925878492146474, U10_q1: 0.46325812742470446, U11_q0: 0.036226188305884074,
  U11_q1: -0.08283399273021999, V00_q0: 0.5631356589770833, V00_q1: 0.4731713135673933,
  V10_q0: 0.09133266862311971, V10_q1: 0.09987251966650566, V11_q0: 0.21846882777653776,
  V11_q1: -0.07723223561171977, Y0s_q0: -1.520035978116911, Y0s_q1: -1.5326047997514272,
  Y1s_q0: -1.4976504661849581, Y1s_q1: -1.4986401109674081, Z0s_q0: 0.00022737486326586138,
  Z0s_q1: 0.0002110732020207103, Z1s_q0: -9.468181998693155e-06, Z1s_q1: -3.1686544604089143e-06}
