{E0_q0: 0.7399538520494165, E0_q1: 0.751454040005826, E1_q0: -0.5297785718848604,
  E1_q1: -2.2840893208861144, V00_q0: 0.6101774851372624, V00_q1: 0.5567397754584414,
  V10_q0: -0.5893863564439485, V10_q1: 0.3528720751349148, V11_q0: -0.0018451899189379168,
  V11_q1: 0.013539677216471655, Y0s_q0: -1.5671241420073334, Y0s_q1: -1.5726249191769346,
  Y1s_q0: -1.5145928856182187, Y1s_q1: -1.4964089799061888, Z0s_q0: 0.00021776540543619574,
  Z0s_q1: 0.0002103656511523974, Z1s_q0: 4.361920526207117e-06, Z1s_q1: 1.0679888970347483e-06}
