{E0_q0: 0.7428809782497212, E0_q1: 0.7543338087620602, E1_q0: 0.23473848508490333,
  E1_q1: 0.42453297271393736, V00_q0: 1.2417633289930352, V00_q1: 1.147419238483653,
  V10_q0: 0.28328900368936843, V10_q1: 0.1682287448902848, V11_q0: 0.00014510444599055114,
  V11_q1: 0.00011906574249542982, Y0s_q0: -1.672978684409162, Y0s_q1: -1.6796211515288753,
  Y1s_q0: 0.007714426293660618, Y1s_q1: 0.012859799915944657, Z0s_q0: 0.00019879224393359722,
  Z0s_q1: 0.00019169738988791831, Z1s_q0: -1.7632988225011225e-05, Z1s_q1: -2.4313901786948764e-05}
