{E0_q0: 0.7557124006324727, E0_q1: 0.7666702627910839, E1_q0: -0.9664818614021036,
  E1_q1: -2.4124426721265055, E2_q0: -1.3079684139720398, E2_q1: -1.1679647499243595,
  U00_q0: -4.411606108416004, U00_q1: -4.058992595260632, U10_q0: -0.22850673575699051,
  U10_q1: -2.231885832443929, U11_q0: 0.010771109317866427, U11_q1: 0.7310926073813272,
  U20_q0: -0.22093274925069672, U20_q1: 1.1622744896339159, U21_q0: 0.0005731585593379295,
  U21_q1: 0.0011721411410914977, U22_q0: 2.1322345376082293e-09, U22_q1: 0.00016958817075395365,
  V00_q0: 1.2015961959662396, V00_q1: 1.1077361482097003, V10_q0: -0.014044471618742402,
  V10_q1: -0.05858549712756624, V11_q0: -0.0809753921394885, V11_q1: -0.42308146850381456,
  V20_q0: -0.33564382810853893, V20_q1: 0.03456069973839333, V21_q0: -0.0666926813781431,
  V21_q1: -0.007008963902676585, V22_q0: -4.0721868213472286e-05, V22_q1: -0.00896095433845073,
  Y0s_q0: -1.747719917335235, Y0s_q1: -1.7874421818295667, Y1s_q0: -0.9768956424929051,
  Y1s_q1: -0.13412056179181897, Y2s_q0: -0.045705250684139054, Y2s_q1: 0.5776737375149532,
  Z0s_q0: 0.0002137851731281189, Z0s_q1: 0.0002051046908268349, Z1s_q0: 6.849133214966754e-05,
  Z1s_q1: -2.3291512004076202e-05, Z2s_q0: 4.821811534515636e-06, Z2s_q1: -6.78443271706726e-05}
