{E0_q0: 0.7440442543325352, E0_q1: 0.7554732407331538, E1_q0: 0.26410281790655804,
  E1_q1: 0.18423919331301977, U00_q0: -4.872881017751677, U00_q1: -4.4833398684350385,
  U10_q0: -4.384466950811088, U10_q1: 2.399974590960364, U11_q0: 3.659919752800348e-05,
  U11_q1: -8.107655438717378e-06, V00_q0: 0.2846841316874522, V00_q1: 0.2606653675396144,
  V10_q0: 0.09289803381587575, V10_q1: 0.21520578614587887, V11_q0: -0.00804855425712168,
  V11_q1: 0.0027575987711186013, Y0s_q0: -1.5807454300347865, Y0s_q1: -1.586682585765654,
  Y1s_q0: -1.5429561507570548, Y1s_q1: -1.4694835121064105, Z0s_q0: 0.000208976564178591,
  Z0s_q1: 0.00020183926803144165, Z1s_q0: -7.886843397150313e-06, Z1s_q1: -2.5812975861602655e-06}
