{E0_q0: 0.7353978419249938, E0_q1: 0.7607684240046159, E1_q0: -0.7546641764035029,
  E1_q1: -0.8106002536223718, U00_q0: -4.356237327524944, U00_q1: -3.9351940657492137,
  U10_q0: 0.14566130632960936, U10_q1: -0.11843231149678399, U11_q0: 5.227163997496059e-07,
  U11_q1: -2.990957141994835e-06, V00_q0: 0.5827222882801295, V00_q1: 0.4850938828688003,
  V10_q0: 0.024544962163064853, V10_q1: 0.10715881970387278, V11_q0: 0.0001052497245551038,
  V11_q1: 0.0003735766955792787, Y0s_q0: -1.4399360558565015, Y0s_q1: -1.448222552913571,
  Y1s_q0: -1.540778678904408, Y1s_q1: -1.4885520426025143, Z0s_q0: 0.00021481093149860976,
  Z0s_q1: 0.0001994415793091638, Z1s_q0: 1.526788202871075e-05, Z1s_q1: 9.912230233729721e-06}
