{E0_q0: 0.7414836294859773, E0_q1: 0.7529505722709466, E1_q0: -0.7000000000000001,
  E1_q1: -0.8000000000000004, Y0s_q0: -1.6304557449890238, Y0s_q1: -1.6436405546601358,
  Y1s_q0: -1.6180710953663335e-17, Y1s_q1: 0.0, Z0s_q0: 0.00021111645252809737, Z0s_q1: 0.0002037085370109039,
  Z1s_q0: 0.0, Z1s_q1: 0.0}
