{E0_q0: 0.7443988714434462, E0_q1: 0.7558206440596202, E1_q0: 0.5727729247542065,
  E1_q1: -2.7626172230772656, U00_q0: -4.526799496412167, U00_q1: -4.230911642834304,
  U10_q0: -0.030119206288710017, U10_q1: -0.989020167274855, U11_q0: 5.991511214595149e-09,
  U11_q1: 8.441129170995088e-06, V00_q0: 0.5589809650635887, V00_q1: 0.5138656217562516,
  V10_q0: 0.00020066548845836858, V10_q1: 0.17184268039452805, V11_q0: -9.717586811128998e-05,
  V11_q1: -0.00039270929201636095, Y0s_q0: -1.5785273765266157, Y0s_q1: -1.5867738410733139,
  Y1s_q0: -1.4998409328424063, Y1s_q1: -1.5108142186130655, Z0s_q0: 0.00021238021307054113,
  Z0s_q1: 0.00020512946533953749, Z1s_q0: -1.3171036892171236e-05, Z1s_q1: 8.266081892353472e-07}
