{E0_q0: 0.7394062159950001, E0_q1: 0.7650355941327532, E1_q0: 0.7507734596914444,
  E1_q1: -2.7514790321635214, U00_q0: -4.3522466010831, U00_q1: -4.002204375340933,
  U10_q0: 1.006095548309048, U10_q1: 0.5588714372205388, U11_q0: 6.670889860790249e-09,
  U11_q1: -0.003169904658034794, V00_q0: 0.5633190907787357, V00_q1: 0.46589935857257103,
  V10_q0: 0.011573990132221485, V10_q1: 0.2270898143973141, V11_q0: 7.499376575711941e-05,
  V11_q1: -0.009425912390181432, Y0s_q0: -1.4717554918567, Y0s_q1: -1.4820588783234239,
  Y1s_q0: -1.4848096108291111, Y1s_q1: -1.4730017424284874, Z0s_q0: 0.0002159030711942493,
  Z0s_q1: 0.00020045510179097492, Z1s_q0: 8.479222210103659e-05, Z1s_q1: 5.228364760698352e-06}
