{E0_q0: 0.7418436147848777, E0_q1: 0.753302887103802, E1_q0: -1.0398917898682987,
  E1_q1: -2.8734762404026735, U00_q0: -4.270354193270664, U00_q1: -3.9963402926460567,
  U10_q0: 0.7115570387123358, U10_q1: -2.312273264268548, U11_q0: -4.7258527582848916e-05,
  U11_q1: -7.900378019971803e-05, V00_q0: 0.5377415817921637, V00_q1: 0.4955204381160816,
  V10_q0: 0.21184635155781892, V10_q1: 0.30224243439990417, V11_q0: 0.0019922171914800125,
  V11_q1: -0.001277349336891232, Y0s_q0: -1.5724240282764193, Y0s_q1: -1.575342853215928,
  Y1s_q0: -1.491209236917431, Y1s_q1: -1.5179381433848798, Z0s_q0: 0.00020811465221172893,
  Z0s_q1: 0.00020102699753295482, Z1s_q0: 3.024527115275102e-07, Z1s_q1: 1.1951878143684977e-06}
