{E0_q0: 0.7438522343906003, E0_q1: 0.7693540298038735, E1_q0: -0.21906519777264377,
  E1_q1: -0.2397030780269977, E2_q0: -1.473218797573324, E2_q1: -0.43725645108750216,
  U00_q0: -4.2661012062265575, U00_q1: -3.8464172556815943, U10_q0: 1.3991325724011265,
  U10_q1: 2.5510759389218194, U11_q0: -1.1136262713241531, U11_q1: -0.1997238612790082,
  U20_q0: -2.6962465432052007, U20_q1: 2.30761951766327, U21_q0: 0.019019849328548513,
  U21_q1: 0.0002509753030638513, U22_q0: 1.234962688857131e-05, U22_q1: 2.3152904200738878e-05,
  V00_q0: 0.5658752674553202, V00_q1: 0.47427017070210675, V10_q0: 0.029318477757076154,
  V10_q1: 0.03029462380124219, V11_q0: -0.058718692679452365, V11_q1: -0.10341231555270924,
  V20_q0: 0.2970821031160721, V20_q1: 0.24685571035684115, V21_q0: -0.016696067878224058,
  V21_q1: -0.020173545010712626, V22_q0: 0.000641109778619235, V22_q1: 0.00012003047752356092,
  Y0s_q0: -1.5058284711382632, Y0s_q1: -1.5120373361652157, Y1s_q0: -1.5390225394927637,
  Y1s_q1: -1.7186835209569944, Y2s_q0: -1.5008216717030565, Y2s_q1: -1.4772816792818995,
  Z0s_q0: 0.00021745735600899063, Z0s_q1: 0.00020174530388816013, Z1s_q0: 0.00014793597550929725,
  Z1s_q1: 0.00013759152751498805, Z2s_q0: -1.539730617698251e-05, Z2s_q1: -2.6728377262646364e-05}
