{E0_q0: 0.7369288283524982, E1_q0: -0.6999999999999997, E2_q0: -0.7000000000000002,
  E3_q0: -0.7, Y0s_q0: -1.4493579559086998, Y1s_q0: 0.0, Y2s_q0: 0.0, Y3s_q0: 0.0,
  Z0s_q0: 0.00021169496325783893, Z1s_q0: 0.0, Z2s_q0: 0.0, Z3s_q0: 0.0}
