{E0_q0: 0.7446861194291712, E0_q1: 0.7701491391406216, E1_q0: -0.4365132072721496,
  E1_q1: -1.6060837551727234, U00_q0: -4.2147768811303665, U00_q1: -3.819619869395077,
  U10_q0: 1.4000563249008313, U10_q1: -0.6615495649327446, U11_q0: 3.3427680478936615e-06,
  U11_q1: -0.00014120628782181416, V00_q0: 0.5137800162079649, V00_q1: 0.43009635403510393,
  V10_q0: 0.4090128388109897, V10_q1: 0.40236447725290236, V11_q0: 0.001580613890405622,
  V11_q1: -0.006729762368829627, Y0s_q0: -1.4651918485693718, Y0s_q1: -1.4787222722488602,
  Y1s_q0: -1.4997952278220688, Y1s_q1: -1.5052325777103008, Z0s_q0: 0.0002150522537183644,
  Z0s_q1: 0.00019979999827319657, Z1s_q0: 8.385136327035483e-07, Z1s_q1: 1.7302987467895803e-06}
