{E0_q0: 0.7449324303561533, E0_q1: 0.7563487937567429, E1_q0: 0.526032253609515, E1_q1: -2.6802581059595774,
  U00_q0: -4.650475210552766, U00_q1: -4.350867656922559, U10_q0: -0.04152436965161404,
  U10_q1: -0.5544937370233752, U11_q0: 4.73207345853391e-08, U11_q1: 8.371858129980684e-06,
  V00_q0: 0.5592174768132123, V00_q1: 0.5131518798751917, V10_q0: -0.0004870286737437156,
  V10_q1: -0.1373334595521883, V11_q0: -0.00033357072565786766, V11_q1: -5.9617973896178406e-05,
  Y0s_q0: -1.5810670078934597, Y0s_q1: -1.5883237182505907, Y1s_q0: -1.5010396089470301,
  Y1s_q1: -1.5044625699724703, Z0s_q0: 0.0002115543278052638, Z0s_q1: 0.00020432837224159262,
  Z1s_q0: 1.6343346428575743e-05, Z1s_q1: -8.050511028240201e-07}
