{E0_q0: 0.7431387208801199, E0_q1: 0.7692945333500634, E1_q0: -1.9603795845158656,
  E1_q1: -1.9054874479259893, U00_q0: -4.029328538254176, U00_q1: -3.5704677776015474,
  U10_q0: 1.3404978961682819, U10_q1: -0.9284612837389017, U11_q0: 1.0633954250227802,
  U11_q1: -1.8740569532291538, V00_q0: 1.0869142037869162, V00_q1: 0.9176202138238094,
  V10_q0: -0.020777261782536836, V10_q1: -0.020537134302600093, V11_q0: -0.39833795280997486,
  V11_q1: -0.4296391356351678, Y0s_q0: -1.6361719079817278, Y0s_q1: -1.6200367611123505,
  Y1s_q0: 0.3781975593218691, Y1s_q1: -0.08099075180001897, Z0s_q0: 0.0002111896114684385,
  Z0s_q1: 0.00019617469742017358, Z1s_q0: -6.43028725892006e-05, Z1s_q1: -6.0065132618844293e-05}
