{E0_q0: 0.7237719111210351, E1_q0: -0.7000000000000001, E2_q0: -0.6999999999999998,
  E3_q0: -0.7, V00_q0: 1.2664927086258262, Z0s_q0: 0.00020724169208929472, Z1s_q0: 0.0,
  Z2s_q0: 0.0, Z3s_q0: 0.0}
