{E0_q0: 0.7297311688242182, E0_q1: 0.7357394213817193, E1_q0: -0.6348612440984909,
  E1_q1: -1.2675276250850696, V00_q0: 1.03470987256236, V00_q1: 0.9327042177001007,
  V10_q0: 0.06189802134783447, V10_q1: -0.5065712177499073, V11_q0: -3.3250576868442936e-05,
  V11_q1: -0.0047015679571836486, Z0s_q0: 0.00020610512825482185, Z0s_q1: 0.00019552098944410095,
  Z1s_q0: 1.6592505601821893e-06, Z1s_q1: -2.7891706675570472e-05}
