{E0_q0: 0.7437718970040579, E0_q1: 0.7692919235109504, E1_q0: -1.1507560377456014,
  E1_q1: -2.17254617165721, E2_q0: -0.8198423885181333, E2_q1: -1.0588458073309264,
  U00_q0: -4.246288228849158, U00_q1: -3.8549160994232783, U10_q0: 3.3676206785720786,
  U10_q1: -3.5789612170274645, U11_q0: -0.0027921319396101516, U11_q1: 0.21995381420826074,
  U20_q0: 0.7440889326544017, U20_q1: -0.028835372969857144, U21_q0: -0.005466220244666427,
  U21_q1: -0.06261950983119093, U22_q0: 1.5958154722606993e-08, U22_q1: 4.596169118504001e-08,
  V00_q0: 0.5521572498049481, V00_q1: 0.46258145723008537, V10_q0: -0.01454172461308562,
  V10_q1: 0.005348228854399778, V11_q0: -0.12186317185243653, V11_q1: -0.06345744883520561,
  V20_q0: -0.1287941828866826, V20_q1: -0.1663271527084762, V21_q0: -0.061217913166876074,
  V21_q1: -0.19937280742279548, V22_q0: -0.0013609750718417757, V22_q1: -8.712166432604645e-05,
  Y0s_q0: -1.4724360243870387, Y0s_q1: -1.4772302304380986, Y1s_q0: -1.5501710834702949,
  Y1s_q1: -1.4874745981025217, Y2s_q0: -1.4880293615448335, Y2s_q1: -1.4956725089867675,
  Z0s_q0: 0.0002183532616611332, Z0s_q1: 0.00020285966900001514, Z1s_q0: -5.817827313309321e-06,
  Z1s_q1: 1.978634655096379e-07, Z2s_q0: -9.091092755137108e-06, Z2s_q1: -7.497116733943157e-06}
