{E0_q0: 0.7362006778325574, E0_q1: 0.7618969688462692, E1_q0: -0.7760827038047708,
  E1_q1: -0.7801122426050386, U00_q0: -4.32820415621335, U00_q1: -3.907720892405924,
  U10_q0: 0.055249742128898514, U10_q1: -0.17587435944189955, U11_q0: -2.3473020407764256e-08,
  U11_q1: -6.611132611011512e-08, V00_q0: 0.5768276565902436, V00_q1: 0.48146687188987575,
  V10_q0: 0.01791779132486597, V10_q1: 0.12887825826757557, V11_q0: -2.1927589548047013e-05,
  V11_q1: 6.0217102689518154e-05, Y0s_q0: -1.4513917593132222, Y0s_q1: -1.4628986034534537,
  Y1s_q0: -1.5038268676827053, Y1s_q1: -1.4975892895637408, Z0s_q0: 0.00021518300503077205,
  Z0s_q1: 0.0001999446507568135, Z1s_q0: 8.56870938878106e-06, Z1s_q1: 2.3005928696144994e-06}
