{E0_q0: 0.749551879956645, E0_q1: 0.7608974997710427, E1_q0: -0.7000000000000002,
  E1_q1: -0.8, V00_q0: 1.194654298366531, V00_q1: 1.098011048729142, V10_q0: 0.0,
  V10_q1: 0.0, V11_q0: 0.0, V11_q1: 0.0, Y0s_q0: -1.6296404086978766, Y0s_q1: -1.6358008538763738,
  Y1s_q0: -6.104305419735129e-17, Y1s_q1: -1.6162783309991962e-16, Z0s_q0: 0.00021177090008044067,
  Z0s_q1: 0.00020438825241817779, Z1s_q0: 0.0, Z1s_q1: 0.0}
