{E0_q0: 0.7304265459368579, E0_q1: 0.7499107645839846, E1_q0: -0.7250545313885082,
  E1_q1: -1.506206754515166, U00_q0: -4.566459414829524, U00_q1: -4.250960222611411,
  U10_q0: 0.22649672060826767, U10_q1: 0.8801542923689246, U11_q0: 0.09348301551779442,
  U11_q1: 0.5876699904731191, V00_q0: 0.5885959806489821, V00_q1: 0.4833274878662494,
  V10_q0: -0.09475417084300863, V10_q1: -0.03160087141390045, V11_q0: 0.28603606662042197,
  V11_q1: 0.31148170111410683, Y0s_q0: -1.4732520297804548, Y0s_q1: -1.4805738022957946,
  Y1s_q0: -1.5091410973175847, Y1s_q1: -1.4892613448236018, Z0s_q0: 0.00021151227353151319,
  Z0s_q1: 0.00018884156803341122, Z1s_q0: 7.736652926006015e-05, Z1s_q1: -8.054356977783183e-05}
