{E0_q0: 0.7296713536907959, E0_q1: 0.7345757814528336, E1_q0: 0.1553089976114612,
  E1_q1: -1.8488044120760105, V00_q0: 1.032735927111777, V00_q1: 0.9154086580952051,
  V10_q0: 0.12309885047666888, V10_q1: -0.4131051936249881, V11_q0: -1.254705222148568e-05,
  V11_q1: 0.06492145537657594, Z0s_q0: 0.00020697271001759025, Z0s_q1: 0.00019460882033760465,
  Z1s_q0: 2.5082037536823003e-05, Z1s_q1: -3.804496823736325e-05}
