{E0_q0: 0.7498905200412265, E0_q1: 0.7753621429181631, E1_q0: -2.4794990495439637,
  E1_q1: 1.361666661195122, U00_q0: -4.520155083434306, U00_q1: -4.132555181576605,
  U10_q0: 0.12436258250059978, U10_q1: 0.922120814379754, U11_q0: -0.14184724041822738,
  U11_q1: 0.04875668272396706, V00_q0: 0.5488218882580521, V00_q1: 0.45436440387902416,
  V10_q0: -0.025849855526173564, V10_q1: -0.048433860325349805, V11_q0: -0.38865886513017667,
  V11_q1: -0.052340472288862926, Y0s_q0: -1.5292810134966264, Y0s_q1: -1.5391183233887245,
  Y1s_q0: -1.48030013441272, Y1s_q1: -1.5026306940634961, Z0s_q0: 0.00021900460191059932,
  Z0s_q1: 0.0002033510195228951, Z1s_q0: 1.2612799211567803e-05, Z1s_q1: -7.345201274150108e-06}
