{E0_q0: 0.7387591630641285, E0_q1: 0.7645431813970097, E1_q0: -1.9808498303915107,
  E1_q1: -0.951624876599685, U00_q0: -4.365291423520696, U00_q1: -3.912289497760406,
  U10_q0: -0.28861701640611925, U10_q1: 0.9179733386261202, U11_q0: -0.06439005344622818,
  U11_q1: -0.03404229196660398, V00_q0: 0.5686886414463975, V00_q1: 0.47351800372782493,
  V10_q0: 0.08687353214534525, V10_q1: 0.10140316849520932, V11_q0: -0.11247550864534067,
  V11_q1: 0.057921419223287085, Y0s_q0: -1.4786994665404933, Y0s_q1: -1.489315397750324,
  Y1s_q0: -1.4875161135854367, Y1s_q1: -1.5037200674777353, Z0s_q0: 0.000215415624809185,
  Z0s_q1: 0.00020015404493063625, Z1s_q0: -9.453496063114577e-06, Z1s_q1: -2.6848631289579235e-06}
