{E0_q0: 0.7474136633104072, E1_q0: -0.7, E2_q0: -0.7000000000000002, E3_q0: -0.7,
  Y0s_q0: -1.444481342052078, Y1s_q0: 0.0, Y2s_q0: 0.0, Y3s_q0: 0.0, Z0s_q0: 0.0002264580545425886,
  Z1s_q0: 0.0, Z2s_q0: 0.0, Z3s_q0: 0.0}
