{E0_q0: 0.7304265459368583, E0_q1: 0.7499107645839924, E1_q0: -0.7250545313900819,
  E1_q1: -1.5062067545151254, U00_q0: -4.566459414829526, U00_q1: -4.250960222611314,
  U10_q0: 0.22649672060806178, U10_q1: 0.8801542923683208, U11_q0: 0.09348301551766085,
  U11_q1: 0.5876699904683562, V00_q0: 0.5885959806489867, V00_q1: 0.4833274878662497,
  V10_q0: -0.09475417084283004, V10_q1: -0.0316008714138958, V11_q0: 0.286036066620073,
  V11_q1: 0.31148170111354034, Y0s_q0: -1.4732520297805147, Y0s_q1: -1.4805738022958526,
  Y1s_q0: -1.5091410973175974, Y1s_q1: -1.4892613448237462, Z0s_q0: 0.00021151227353151072,
  Z0s_q1: 0.00018884156803341656, Z1s_q0: 7.736652925999459e-05, Z1s_q1: -8.054356977781937e-05}
