{E0_q0: 0.6953167195498754, E0_q1: 0.7072901692179744, E1_q0: 3.9498263939583813,
  E1_q1: -4.078753762937277, U00_q0: -6.586680618292175, U00_q1: -4.858569216322013,
  U10_q0: -1.1195530167015093, U10_q1: 9.788080695729679, U11_q0: -2.3633987833173833e-10,
  U11_q1: 8.863431968592951e-09, V00_q0: 0.40120032218756346, V00_q1: 0.3580655050707706,
  V10_q0: -2.12223652237994, V10_q1: 0.04713321772980752, V11_q0: -2.7249967659435417e-09,
  V11_q1: 4.5608138631506855e-10, Y0s_q0: -2.082949926806017, Y0s_q1: -2.166988169557073,
  Y1s_q0: -1.5059261621935378, Y1s_q1: -0.7741540601783969, Z0s_q0: 0.000116133169936536,
  Z0s_q1: 0.00011016014271243497, Z1s_q0: -3.0247755213003056e-13, Z1s_q1: 1.3900142360725375e-05}
