{E0_q0: 0.7341198295978464, E0_q1: 0.7598035292974162, E1_q0: -1.1127366531571665,
  E1_q1: -0.7125222271979229, E2_q0: -1.5748257744272045, E2_q1: -0.7695413372263862,
  E3_q0: -0.6999999998880779, E3_q1: -0.7999999999999969, U00_q0: -4.446841948358968,
  U00_q1: -4.011605645022872, U10_q0: -1.085568225073106, U10_q1: 2.266662383329282,
  U11_q0: 0.0010162143655391615, U11_q1: -0.006347518813852312, U20_q0: 3.3390661978208818,
  U20_q1: -2.895605030443916, U21_q0: 0.0033516538725011655, U21_q1: 0.00019880312695513927,
  U22_q0: 0.00022556169396113998, U22_q1: -5.42797200018643e-07, U30_q0: -4.4542708656550554e-15,
  U30_q1: -1.9830329789357786e-18, U31_q0: -2.417205586193594e-16, U31_q1: 3.3158294217569566e-20,
  U32_q0: -3.438264273309527e-15, U32_q1: -3.2887965706845885e-21, U33_q0: -1.7484740550694145e-15,
  U33_q1: 3.807422667746553e-33, V00_q0: 0.5771961227124586, V00_q1: 0.4788349945358469,
  V10_q0: 0.09380190505196592, V10_q1: 0.1096136619909521, V11_q0: 0.03306174891396434,
  V11_q1: 0.0256830963244254, V20_q0: -0.21605162645052003, V20_q1: -0.23711399332119923,
  V21_q0: 0.043109628379153546, V21_q1: 0.015197823530985997, V22_q0: 0.0156638034902483,
  V22_q1: -0.00016370574365168647, V30_q0: -8.491466813472743e-12, V30_q1: -2.0507536363428903e-13,
  V31_q0: -3.015911102796779e-15, V31_q1: -2.820433421177493e-14, V32_q0: -3.5428656888466897e-14,
  V32_q1: 2.7908678936456904e-16, V33_q0: 1.1393493176674285e-16, V33_q1: -5.8028244376964275e-18,
  Y0s_q0: -1.4611160082053098, Y0s_q1: -1.4702476043510502, Y1s_q0: -1.3380707076737,
  Y1s_q1: -1.4228214075751247, Y2s_q0: -1.9235169407139623, Y2s_q1: -1.49888944968731,
  Y3s_q0: -1.4999999999999998, Y3s_q1: -1.5000000000000009, Z0s_q0: 0.00021373488202815137,
  Z0s_q1: 0.0001984721686776811, Z1s_q0: -2.0515412509255662e-05, Z1s_q1: 3.7418789247740676e-05,
  Z2s_q0: -2.7584123070533964e-05, Z2s_q1: -1.7648226407708226e-06, Z3s_q0: 3.9905997024899736e-16,
  Z3s_q1: -1.068972199809427e-18}
