{E0_q0: 0.7283381098574615, E0_q1: 0.7490161402088461, E1_q0: -0.8289552495293722,
  E1_q1: -1.668792925369996, U00_q0: -4.672373488536331, U00_q1: -4.292569982578781,
  U10_q0: -0.10262473154584492, U10_q1: -0.4756981795721524, U11_q0: 0.031197863116574433,
  U11_q1: 0.056840894919322586, V00_q0: 0.5890816140164842, V00_q1: 0.48688877643484235,
  V10_q0: -0.03398418953757945, V10_q1: 0.034333378749668936, V11_q0: 0.22268399436554767,
  V11_q1: -0.3224666963130182, Y0s_q0: -1.4496614975267144, Y0s_q1: -1.458273571438764,
  Y1s_q0: -1.575803111257798, Y1s_q1: -1.4798032953930158, Z0s_q0: 0.00021104059783283398,
  Z0s_q1: 0.00018877338258705865, Z1s_q0: 7.700538199641438e-05, Z1s_q1: 7.833555490167695e-05}
