{E0_q0: 0.7366365935184914, E0_q1: 0.7624699992407785, E1_q0: -1.8109311785145688,
  E1_q1: -0.707221613992279, U00_q0: -4.395564746023648, U00_q1: -3.9447791258670923,
  U10_q0: 0.40865350447455645, U10_q1: 0.6527294967332311, U11_q0: -0.10994233342042484,
  U11_q1: 0.006957682384304417, V00_q0: 0.5693007212325202, V00_q1: 0.47363867925267483,
  V10_q0: 0.09469850162178858, V10_q1: 0.11122062459878693, V11_q0: -0.0866412897600083,
  V11_q1: -0.017045929452628294, Y0s_q0: -1.4740267688416568, Y0s_q1: -1.4856542365664158,
  Y1s_q0: -1.4728970895975506, Y1s_q1: -1.5074910411450897, Z0s_q0: 0.00021452974038225041,
  Z0s_q1: 0.0001993017278089041, Z1s_q0: -8.225139731911063e-06, Z1s_q1: -2.6887948502098805e-06}
