{E0_q0: 0.737963990367854, E0_q1: 0.7637742187604641, E1_q0: -2.173674458215292, E1_q1: -0.8979116512385568,
  U00_q0: -4.276245155920229, U00_q1: -3.8322667696877257, U10_q0: -0.12047178824971133,
  U10_q1: 0.055217491046984236, U11_q0: 0.12711015932907363, U11_q1: 0.002421841784090286,
  V00_q0: 0.5725370853282472, V00_q1: 0.47782440938794757, V10_q0: 0.09402492090114897,
  V10_q1: 0.10384474405919356, V11_q0: 0.04297069642295963, V11_q1: -0.013419383648160437,
  Y0s_q0: -1.4631877969886602, Y0s_q1: -1.474968379837927, Y1s_q0: -1.5171480102111436,
  Y1s_q1: -1.4974237599259568, Z0s_q0: 0.00021452033578883657, Z0s_q1: 0.00019944700071423775,
  Z1s_q0: -9.60763012084954e-06, Z1s_q1: -2.2979050152412775e-06}
