{E0_q0: 0.7511598581651611, E0_q1: 0.7624825286719025, E1_q0: -0.6999999999999998,
  E1_q1: -0.8, V00_q0: 1.1885292662397093, V00_q1: 1.1002930569312508, V10_q0: 0.0,
  V10_q1: 0.0, V11_q0: 0.0, V11_q1: 0.0, Y0s_q0: -1.629457509048558, Y0s_q1: -1.635426738119022,
  Y1s_q0: 1.1014569011669445e-15, Y1s_q1: 8.230440626022065e-17, Z0s_q0: 0.00020844398157312866,
  Z0s_q1: 0.00020118529215707581, Z1s_q0: 0.0, Z1s_q1: 0.0}
