{E0_q0: 0.743300369932137, E0_q1: 0.7546029787926444, E1_q0: -0.5777691044076424,
  E1_q1: -3.7895986406705635, U00_q0: -4.249769393612668, U00_q1: -4.004479747550649,
  U10_q0: -0.6758217552554188, U10_q1: -1.6105311355203384, U11_q0: 0.003179150800360195,
  U11_q1: -1.0876240904155428, V00_q0: 0.5522112108864691, V00_q1: 0.507617487179544,
  V10_q0: -0.00015958006885103686, V10_q1: -0.05596574134220351, V11_q0: -0.06832030695735737,
  V11_q1: -0.8401491059743523, Y0s_q0: -1.5670477552175324, Y0s_q1: -1.572529666310487,
  Y1s_q0: -1.5046449968109286, Y1s_q1: -1.483073903870691, Z0s_q0: 0.00020951943987374192,
  Z0s_q1: 0.00020167210030509695, Z1s_q0: -3.990363167415956e-06, Z1s_q1: -1.741118030139507e-05}
