{E0_q0: 0.7248762037938353, E0_q1: 0.7497981688721818, E1_q0: -0.7, E1_q1: -0.8, E2_q0: -0.7,
  E2_q1: -0.8, Z0s_q0: 0.00021189824425549094, Z0s_q1: 0.00019647268550296372, Z1s_q0: 0.0,
  Z1s_q1: 0.0, Z2s_q0: 0.0, Z2s_q1: 0.0}
