{E0_q0: 0.7394856421976505, E0_q1: 0.7656272595819364, E1_q0: -2.0027447043572573,
  E1_q1: -1.7203910881563855, U00_q0: -4.359499666626894, U00_q1: -3.941553483397919,
  U10_q0: -0.00819061922778985, U10_q1: 0.1933973773543447, U11_q0: -0.13610339778903358,
  U11_q1: 0.30556720219747524, V00_q0: 0.5492865849324976, V00_q1: 0.4580616570303436,
  V10_q0: -0.0031783485183341765, V10_q1: 0.001408108251367062, V11_q0: -0.0702334250750003,
  V11_q1: 0.08073753731304202, Y0s_q0: -1.4756145320632768, Y0s_q1: -1.4874678909781864,
  Y1s_q0: -1.4413897908335849, Y1s_q1: -1.5471673249117923, Z0s_q0: 0.00021213987321838337,
  Z0s_q1: 0.00019786752071118344, Z1s_q0: -3.4001903843037614e-05, Z1s_q1: 2.5770805862032696e-05}
