{E0_q0: 0.7641088981189372, E0_q1: 0.775243208021846, E1_q0: -0.6999999999999991,
  E1_q1: -0.8000000000000003, V00_q0: 1.1355986496570738, V00_q1: 1.0535984226284616,
  V10_q0: 0.0, V10_q1: 0.0, V11_q0: 0.0, V11_q1: 0.0, Y0s_q0: -1.7223893286769771,
  Y0s_q1: -1.722737142703159, Y1s_q0: 3.1072790782409414e-16, Y1s_q1: 0.0, Z0s_q0: 0.00022091356329275783,
  Z0s_q1: 0.00021294487085113482, Z1s_q0: 0.0, Z1s_q1: 0.0}
