{E0_q0: 0.7377891393273008, E0_q1: 0.7635903289630626, E1_q0: -0.18540735021327756,
  E1_q1: -1.063399040822873, U00_q0: -4.393454750558873, U00_q1: -4.025480227713034,
  U10_q0: -0.4472577488482642, U10_q1: -3.368610712533171, U11_q0: 0.004410401003868929,
  U11_q1: -0.002444632715944061, V00_q0: 0.5521175151140373, V00_q1: 0.46279914305766207,
  V10_q0: -0.21764135146075592, V10_q1: -0.21185653976138516, V11_q0: 0.05528995401739001,
  V11_q1: -0.0620397970620178, Y0s_q0: -1.4743148118017968, Y0s_q1: -1.4820630600998383,
  Y1s_q0: -1.4634037821456256, Y1s_q1: -1.534718975099321, Z0s_q0: 0.00021569705216010508,
  Z0s_q1: 0.00020031480758512675, Z1s_q0: 4.500831843172785e-05, Z1s_q1: 1.5626784247325513e-05}
