{E0_q0: 0.7444482831196182, E0_q1: 0.7564669822565145, E1_q0: -1.0607474391332512,
  E1_q1: -0.519870391725626, Y0s_q0: -1.6062187461864883, Y0s_q1: -1.61018217766478,
  Y1s_q0: -1.4815832521215107, Y1s_q1: -1.5103946526255614, Z0s_q0: 0.00021610359758450568,
  Z0s_q1: 0.00020936881161701356, Z1s_q0: 4.6321824292877024e-05, Z1s_q1: -6.236361593560386e-05}
