{E0_q0: 0.729084425220822, E0_q1: 0.7383947670505355, E1_q0: -0.2909033386293432,
  E1_q1: -0.7121811141077252, V00_q0: 1.245003933949158, V00_q1: 1.1361171220840087,
  V10_q0: -0.11526264918236541, V10_q1: -0.031037663304162955, V11_q0: 0.0063315316331220995,
  V11_q1: -0.012701984782831867, Z0s_q0: 0.00020408234520406164, Z0s_q1: 0.00019541222835324027,
  Z1s_q0: 2.7176017480301168e-05, Z1s_q1: -4.570845228318553e-05}
