{E0_q0: 0.7379048529429637, E0_q1: 0.7494661919794005, E1_q0: -2.0540541546937634,
  E1_q1: -2.0424110877437807, U00_q0: -4.495484847244043, U00_q1: -3.6901339573568888,
  U10_q0: -5.647013116215608, U10_q1: 1.895386422485251, U11_q0: 1.2881269384295941,
  U11_q1: -0.8735624426538354, V00_q0: 0.630548255376754, V00_q1: 0.5826751652172595,
  V10_q0: 0.3627453901488616, V10_q1: 0.35986391137382967, V11_q0: -0.2085503157905678,
  V11_q1: -0.09830112324857262, Y0s_q0: -1.5710622106735805, Y0s_q1: -1.5792098533614036,
  Y1s_q0: -1.502542696214425, Y1s_q1: -1.4162658351428847, Z0s_q0: 0.00020885599351569675,
  Z0s_q1: 0.00020178969110954295, Z1s_q0: -1.9228244024574984e-05, Z1s_q1: -1.7885793243016695e-05}
