{E0_q0: 0.7089412935756536, E0_q1: 0.7343861669272067, E1_q0: -0.7163007144508992,
  E1_q1: -0.8001806715244861, U00_q0: -7.10310961101295, U00_q1: -6.758518763236845,
  U10_q0: 3.675998887085897e-07, U10_q1: -3.4594416299886217e-07, U11_q0: -1.5508427908721665e-10,
  U11_q1: -1.8776215085425332e-10, V00_q0: 0.5901591005027247, V00_q1: 0.4956730045721246,
  V10_q0: -0.0036807804093245537, V10_q1: 0.002987059785183282, V11_q0: 0.00017750957955221683,
  V11_q1: -0.00010947085034344416, Y0s_q0: -1.9452151896753103, Y0s_q1: -2.0711298654847163,
  Y1s_q0: -1.5000055086940134, Y1s_q1: -1.49999497681366, Z0s_q0: -1.4892342214057863e-07,
  Z0s_q1: -2.0749207792700316e-07, Z1s_q0: 2.989921819645448e-06, Z1s_q1: 2.942232599796222e-06}
