{E0_q0: 0.7269021040846215, E0_q1: 0.7535310257639861, E1_q0: -0.5590481938539366,
  E1_q1: -0.5564258972774461, E2_q0: -0.7055980902540482, E2_q1: -0.8000280498208672,
  E3_q0: -0.6999999999978498, E3_q1: -0.8000000000000224, U00_q0: -4.419951852328619,
  U00_q1: -4.003035258894074, U10_q0: -0.07913883789489935, U10_q1: -0.10260960362730223,
  U11_q0: 0.014613239148603687, U11_q1: 0.002310023951310471, U20_q0: 0.263374487257976,
  U20_q1: -0.006126141594402963, U21_q0: 0.00011150184551292735, U21_q1: -3.422697101004326e-05,
  U22_q0: 2.4543384887369236e-10, U22_q1: 8.309934667643108e-14, U30_q0: 4.320145103153525e-16,
  U30_q1: 7.498327929363462e-27, U31_q0: 3.347968357361352e-16, U31_q1: 5.858535985916824e-30,
  U32_q0: 3.986964205603986e-16, U32_q1: -3.705623624968969e-34, U33_q0: 5.014991087624347e-16,
  U33_q1: -4.186570125727124e-43, V00_q0: 0.5696491199505965, V00_q1: 0.47413261723469,
  V10_q0: -0.001186360080525121, V10_q1: 0.002231964099653116, V11_q0: 0.035760001526781514,
  V11_q1: -0.0040084528540070535, V20_q0: -0.1095501757266572, V20_q1: -0.002285706941801572,
  V21_q0: -0.0025975282340977616, V21_q1: -0.0004791038080946446, V22_q0: 5.21123035345576e-06,
  V22_q1: 1.7810218665983727e-08, V30_q0: -1.139510202229693e-16, V30_q1: 1.3763332532428388e-17,
  V31_q0: -2.740591090584878e-18, V31_q1: -2.6403243078229543e-17, V32_q0: 1.1717200425868588e-16,
  V32_q1: -1.9947042603323635e-17, V33_q0: 1.1009903578673048e-16, V33_q1: -7.045294745955091e-17,
  Y0s_q0: -1.4442751529553084, Y0s_q1: -1.4655999835408533, Y1s_q0: -2.066302766910424,
  Y1s_q1: -1.7275012693993372, Y2s_q0: -1.519731370413048, Y2s_q1: -1.5000106255393222,
  Y3s_q0: -1.4999999999999998, Y3s_q1: -1.4999999999999998, Z0s_q0: 0.00020788426855115,
  Z0s_q1: 0.00019355989697131747, Z1s_q0: 0.00014115809224398175, Z1s_q1: 0.0001306063631799477,
  Z2s_q0: -9.617979868753197e-06, Z2s_q1: 3.1747294693865834e-07, Z3s_q0: -8.990809161762631e-21,
  Z3s_q1: 7.735805027602913e-21}
