{E0_q0: 0.7267386788016704, E1_q0: -0.6999999999999998, E2_q0: -0.7000000000000001,
  E3_q0: -0.7, V00_q0: 1.2844242605171516, Z0s_q0: 0.00021111678753645601, Z1s_q0: 0.0,
  Z2s_q0: 0.0, Z3s_q0: 0.0}
