{E0_q0: 0.7299649255389146, E0_q1: 0.7559434356103831, E1_q0: -0.7, E1_q1: -0.8, E2_q0: -0.7,
  E2_q1: -0.8000000000000002, Y0s_q0: -1.43878312114078, Y0s_q1: -1.4479808098091367,
  Y1s_q0: 0.0, Y1s_q1: 0.0, Y2s_q0: 0.0, Y2s_q1: 0.0, Z0s_q0: 0.00021327796570272476,
  Z0s_q1: 0.00019825162335605287, Z1s_q0: 0.0, Z1s_q1: 0.0, Z2s_q0: 0.0, Z2s_q1: 0.0}
