{E0_q0: 0.7404303409818774, E0_q1: 0.7520133203059421, E1_q0: -0.9148191942652403,
  E1_q1: -0.8720008928669531, Y0s_q0: -1.598130573324198, Y0s_q1: -1.6022700590102592,
  Y1s_q0: -1.415401717877451, Y1s_q1: -1.582147132399161, Z0s_q0: 0.00021155861997044655,
  Z0s_q1: 0.0002043825100328972, Z1s_q0: 6.031331958805774e-05, Z1s_q1: 5.9993790731070634e-05}
