{E0_q0: 0.7463159742340965, E0_q1: 0.7577076416828527, E1_q0: -1.018149991806915,
  E1_q1: -1.1794195917010655, U00_q0: -4.504301914895049, U00_q1: -4.192649711201744,
  U10_q0: 1.2064072046476495, U10_q1: -1.8627134860008108, U11_q0: 4.359408884621813e-07,
  U11_q1: -4.107019576379335e-06, V00_q0: 0.546721555863837, V00_q1: 0.5033683930670312,
  V10_q0: 0.561630505785768, V10_q1: 0.2231453277471645, V11_q0: -0.0009684053958429075,
  V11_q1: 0.002365702170060451, Y0s_q0: -1.562436729112741, Y0s_q1: -1.5696863942437553,
  Y1s_q0: -1.4909202250056064, Y1s_q1: -1.5195981483833974, Z0s_q0: 0.00021195881931746039,
  Z0s_q1: 0.00020478881379574595, Z1s_q0: 1.571855768098817e-07, Z1s_q1: 5.455009762884733e-07}
