{E0_q0: 0.7358909531568498, E0_q1: 0.7620151141676405, E1_q0: -1.0447783208968404,
  E1_q1: -0.9292228688629591, E2_q0: -0.14260869373393523, E2_q1: -0.590800672385498,
  U00_q0: -4.146992506870584, U00_q1: -3.755773538736504, U10_q0: -0.8641439724918283,
  U10_q1: -1.1303718523931239, U11_q0: -0.8043595578683254, U11_q1: -0.08673180085249893,
  U20_q0: 1.9739448343877386, U20_q1: 0.8766037043983345, U21_q0: 0.4623510197718508,
  U21_q1: -0.3625592429564338, U22_q0: -2.866546886602412e-05, U22_q1: 1.7981875404682042e-05,
  V00_q0: 0.5554286852230402, V00_q1: 0.4679066172455631, V10_q0: 0.057774981039082386,
  V10_q1: 0.08243763542512397, V11_q0: -0.23908185302462212, V11_q1: 0.01246917522301804,
  V20_q0: -0.14662227359909513, V20_q1: -0.3502595235057621, V21_q0: 0.3895150687834281,
  V21_q1: -0.10377855393639077, V22_q0: -0.0016559692741125918, V22_q1: 0.00033965429928659843,
  Y0s_q0: -1.4832403180534661, Y0s_q1: -1.49251366287765, Y1s_q0: -1.472056494342983,
  Y1s_q1: -1.6238702961834557, Y2s_q0: -1.4965134071367334, Y2s_q1: -1.4671288170215353,
  Z0s_q0: 0.00021175054654498112, Z0s_q1: 0.0001969705740593214, Z1s_q0: -5.964184580777165e-05,
  Z1s_q1: -5.769063702064491e-05, Z2s_q0: -5.96090513880997e-05, Z2s_q1: -2.4596104749124928e-05}
