{E0_q0: 0.7439830585185284, E0_q1: 0.7542600691570723, E1_q0: -0.4839782188195406,
  E1_q1: -1.086255608612044, Y0s_q0: -1.634378853266255, Y0s_q1: -1.635631566083513,
  Y1s_q0: -1.4999482726638198, Y1s_q1: -1.5135841105935754, Z0s_q0: 0.000214254349638826,
  Z0s_q1: 0.0002054420645498129, Z1s_q0: 5.4630871618486124e-05, Z1s_q1: -5.004114121905088e-05}
