{E0_q0: 0.7097109252657794, E0_q1: 0.7216690864545037, E1_q0: 0.0150571265260489,
  E1_q1: -0.059741615249400366, U00_q0: -6.610937634725911, U00_q1: -5.440845508378422,
  U10_q0: -6.852482604376147, U10_q1: 0.038618371868837244, U11_q0: -0.0048238132727989325,
  U11_q1: 0.16143581879747107, V00_q0: 0.5354772990805652, V00_q1: 0.47858772832029456,
  V10_q0: -0.025018271913351917, V10_q1: 0.003186609577742032, V11_q0: -0.3297823057306624,
  V11_q1: -1.2274595393044243, Y0s_q0: -1.9681037687488157, Y0s_q1: -2.1007656831442083,
  Y1s_q0: -1.3316049882857224, Y1s_q1: -2.350577167960187, Z0s_q0: 0.00021524650956777864,
  Z0s_q1: 0.00020613316923584946, Z1s_q0: 4.811547910886646e-06, Z1s_q1: -9.15000819727854e-06}
