{E0_q0: 0.7312178317595704, E0_q1: 0.7390993397183018, E1_q0: -0.7000000054339776,
  E1_q1: -0.7208458158374026, Z0s_q0: 0.00020757489569349095, Z0s_q1: 0.00019795919475066283,
  Z1s_q0: -3.673596369558244e-09, Z1s_q1: 5.453483310263644e-05}
