{E0_q0: 0.712759250334793, E0_q1: 0.7513912937547625, E1_q0: -1.7005528170217787,
  E1_q1: -0.6174000649162821, V00_q0: 0.578844440896533, V00_q1: 0.44536958879614585,
  V10_q0: 0.007110869939600093, V10_q1: 0.198153206681948, V11_q0: 0.5918256005408624,
  V11_q1: -0.03321348713074393, Z0s_q0: 0.00019679569539926615, Z0s_q1: 0.00019780774400278404,
  Z1s_q0: 9.659372174057079e-05, Z1s_q1: 5.38441054539729e-06}
