{E0_q0: 0.7419895065711488, E1_q0: -0.6999999999999997, E2_q0: -0.6999999999999998,
  E3_q0: -0.7, Y0s_q0: -1.422111938628682, Y1s_q0: 0.0, Y2s_q0: 0.0, Y3s_q0: 0.0,
  Z0s_q0: 0.00022191227439254682, Z1s_q0: 0.0, Z2s_q0: 0.0, Z3s_q0: 0.0}
