{E0_q0: 0.7383396649190935, E0_q1: 0.7498576861242213, E1_q0: -0.8206057134879193,
  E1_q1: -0.8308369251635513, Y0s_q0: -1.5858646983777551, Y0s_q1: -1.5925114175656994,
  Y1s_q0: -1.4972846266124522, Y1s_q1: -1.4541584993966368, Z0s_q0: 0.00021009368105765253,
  Z0s_q1: 0.00020287643903980812, Z1s_q0: 7.332948819298272e-05, Z1s_q1: 7.12389965944168e-05}
