{E0_q0: 0.7398503481410333, E0_q1: 0.7659462468883156, E1_q0: -2.1121674518719273,
  E1_q1: -1.6607323865980206, U00_q0: -4.331712489999308, U00_q1: -3.9120206760805236,
  U10_q0: 0.08784752059710271, U10_q1: -0.028751518075057412, U11_q0: 0.8855588367700002,
  U11_q1: -0.3538495221942525, V00_q0: 0.5638519368686886, V00_q1: 0.47076926166079225,
  V10_q0: 0.0031165255589236146, V10_q1: -0.001997242722619287, V11_q0: -0.04412770742141336,
  V11_q1: 0.055398581967091444, Y0s_q0: -1.4699552134112213, Y0s_q1: -1.4824908141889397,
  Y1s_q0: -1.4975787415428983, Y1s_q1: -1.5138901350955694, Z0s_q0: 0.0002141586277279541,
  Z0s_q1: 0.0001997487710156557, Z1s_q0: 2.8057463740081935e-05, Z1s_q1: -1.8708627985676448e-05}
