{E0_q0: 0.6992079301479867, E0_q1: 0.7112539722202263, E1_q0: 0.43806334795485874,
  E1_q1: -4.964171701359768, U00_q0: -4.715767640280338, U00_q1: -4.476170042144368,
  U10_q0: 5.478485381506953, U10_q1: -2.8427975069950335, U11_q0: 0.35582632561694444,
  U11_q1: 0.35881534694878264, V00_q0: 0.5295022480516874, V00_q1: 0.4724451580462022,
  V10_q0: -0.26531434899048817, V10_q1: -0.07157484266004877, V11_q0: -0.2832566123574272,
  V11_q1: 0.17848141727830308, Y0s_q0: -1.5539571642116141, Y0s_q1: -1.5784039809648958,
  Y1s_q0: -1.4179603368862632, Y1s_q1: -1.605721829679829, Z0s_q0: 5.2144667881874315e-06,
  Z0s_q1: 5.072648183955729e-06, Z1s_q0: -4.946552377169696e-06, Z1s_q1: -7.638562914845294e-07}
