{E0_q0: 0.7424572809046809, E0_q1: 0.7539103594603148, E1_q0: -0.7000000000779177,
  E1_q1: -0.7979468071281054, Y0s_q0: -1.5713291158398128, Y0s_q1: -1.5755955152827763,
  Y1s_q0: -1.4999999999999925, Y1s_q1: -1.5000180851810319, Z0s_q0: 0.00021547322631143318,
  Z0s_q1: 0.00020814316028345886, Z1s_q0: -3.511525272279815e-14, Z1s_q1: 1.8085163411449314e-06}
