{E0_q0: 0.7353791726679219, E0_q1: 0.7610856062395572, E1_q0: 0.3907875284262577,
  E1_q1: -1.8412966875080663, E2_q0: -0.7, E2_q1: -0.7999999999999998, E3_q0: -0.6999999999999998,
  E3_q1: -0.8000000000000002, U00_q0: -4.422737178702329, U00_q1: -4.04201960524266,
  U10_q0: 0.1300591670313, U10_q1: 0.7355019409737642, U11_q0: 2.2840965324797543e-10,
  U11_q1: -6.681063881553262e-05, U20_q0: 6.173925843553132e-16, U20_q1: 1.5258066039451397e-30,
  U21_q0: 2.4236139454104433e-21, U21_q1: 1.452158798811971e-37, U22_q0: 2.445348910035442e-83,
  U22_q1: 9.447997374433696e-56, U30_q0: 3.495582287963682e-13, U30_q1: 3.495582287963682e-13,
  U31_q0: 3.495582287963682e-13, U31_q1: 3.495582287963682e-13, U32_q0: 3.495582287963682e-13,
  U32_q1: 3.495582287963682e-13, U33_q0: 3.495582287963682e-13, U33_q1: 3.495582287963682e-13,
  V00_q0: 0.5720575078384799, V00_q1: 0.4744725392016144, V10_q0: -0.167818542391209,
  V10_q1: 0.10075496112352092, V11_q0: -1.4128022002364775e-05, V11_q1: -0.0037679020021269267,
  V20_q0: -3.8548114168393033e-19, V20_q1: 1.3257733938561626e-15, V21_q0: -1.432161987220782e-23,
  V21_q1: 4.2963338840755567e-19, V22_q0: -4.63124813184303e-42, V22_q1: -7.673515493862686e-20,
  V30_q0: 4.194698745554441e-14, V30_q1: 3.495579524841938e-14, V31_q0: 4.194698745554441e-14,
  V31_q1: 3.495582287963488e-14, V32_q0: 4.194698745554441e-14, V32_q1: 3.4955822879644575e-14,
  V33_q0: 4.194698745554441e-14, V33_q1: 3.495579524841938e-14, Y0s_q0: -1.4624576799702638,
  Y0s_q1: -1.4721885453907577, Y1s_q0: 0.005079920477264924, Y1s_q1: 0.06537170337337446,
  Y2s_q0: 3.266183545148451e-18, Y2s_q1: 1.3881124732036293e-31, Y3s_q0: 1.0486746863894019e-13,
  Y3s_q1: 1.0486746863890788e-13, Z0s_q0: 0.00021502656528896963, Z0s_q1: 0.00019963631408650173,
  Z1s_q0: -4.970722826393617e-06, Z1s_q1: 7.641809289098831e-06, Z2s_q0: -7.921544949420251e-20,
  Z2s_q1: 2.9353022929182196e-18, Z3s_q0: 7.690281033515349e-18, Z3s_q1: 6.991164575926845e-18}
