{E0_q0: 0.7758027145319351, E0_q1: 0.8002818463996696, U00_q0: -2.4369419031542505,
  U00_q1: -2.973163847622822, V00_q0: 0.36976130662685097, V00_q1: 0.3271724217383112,
  Y0s_q0: -1.5535978111902804, Y0s_q1: -1.5572808482859202, Z0s_q0: 0.00022652602093881064,
  Z0s_q1: 0.00021005907630923526}
