{E0_q0: 0.7337640330036918, E0_q1: 0.7590656625157532, E1_q0: -0.8750183336829825,
  E1_q1: -0.77917846949801, E2_q0: -0.8832204770939722, E2_q1: -0.8079949805463993,
  U00_q0: -4.532872814220621, U00_q1: -4.133196877339233, U10_q0: 0.013612019180887827,
  U10_q1: 1.4522990206684572, U11_q0: 1.0801180331170828e-07, U11_q1: 2.8435087476492156e-06,
  U20_q0: 0.48290967397506057, U20_q1: -1.1342152522136288, U21_q0: 8.17989889124663e-06,
  U21_q1: 0.0005396978685442486, U22_q0: 1.0322852766431819e-05, U22_q1: 2.9857563605442995e-09,
  V00_q0: 0.5678511449396805, V00_q1: 0.4693371335307869, V10_q0: -0.015030870867247881,
  V10_q1: 0.08640305460453242, V11_q0: 0.000157312680566571, V11_q1: 0.0007644747506622405,
  V20_q0: 0.06645224044117681, V20_q1: 0.14291772269719155, V21_q0: -0.0010987839993877634,
  V21_q1: -0.0060108698962381135, V22_q0: 0.0015806138585623913, V22_q1: 2.6452890107179417e-05,
  Y0s_q0: -1.4524128716044005, Y0s_q1: -1.4629061694916812, Y1s_q0: -0.00287116228363618,
  Y1s_q1: 0.006588839826578388, Y2s_q0: -0.0645536508072162, Y2s_q1: -0.004895159336881169,
  Z0s_q0: 0.00021425198777286816, Z0s_q1: 0.00019865662220875795, Z1s_q0: -2.51427279888125e-06,
  Z1s_q1: 2.7348697890845672e-05, Z2s_q0: 3.389788913704136e-05, Z2s_q1: -1.7120583729239809e-06}
