{E0_q0: 0.7171418620836544, E0_q1: 0.7441194662574883, E1_q0: -1.864828008571672,
  E1_q1: -1.8892644792714315, U00_q0: -4.690589679899636, U00_q1: -5.4904802531330095,
  U10_q0: 0.0872415523226273, U10_q1: 0.3030289999465328, U11_q0: -1.7247523129460975,
  U11_q1: 3.435631217736336, V00_q0: 1.0117594008221804, V00_q1: 0.8132909920589017,
  V10_q0: 0.0012063976864303478, V10_q1: 0.001815098375683288, V11_q0: 1.2538089865798212,
  V11_q1: -1.3092214756452656, Y0s_q0: -1.6725918491679945, Y0s_q1: -1.7111414387308759,
  Y1s_q0: -1.1807117530977118, Y1s_q1: -1.1455425893820628, Z0s_q0: 0.00017425199930137043,
  Z0s_q1: 0.0001611098303022201, Z1s_q0: 0.0001460976863428555, Z1s_q1: -0.00013704886091789757}
