{E0_q0: 0.7399857400146276, E0_q1: 0.7657484452016311, E1_q0: -1.8804892506954156,
  E1_q1: -1.7967090317783923, U00_q0: -4.272502921219573, U00_q1: -3.5142532437424987,
  U10_q0: -4.124839473716524, U10_q1: 0.9484414434337444, U11_q0: -0.008282955904630901,
  U11_q1: 0.8352953653502203, V00_q0: 0.5868804128084947, V00_q1: 0.4927836272053927,
  V10_q0: -0.42613555154921695, V10_q1: -0.42515736845817526, V11_q0: -0.08291125122386898,
  V11_q1: 0.26142940988749236, Y0s_q0: -1.4754076558870248, Y0s_q1: -1.487604356462468,
  Y1s_q0: -1.4326025718562347, Y1s_q1: -1.5498974646666215, Z0s_q0: 0.0002139355028299935,
  Z0s_q1: 0.00019884906271285885, Z1s_q0: 1.8677940258572053e-05, Z1s_q1: 1.4732850253631154e-05}
