{E0_q0: 0.7228834023884252, E0_q1: 0.7527784840615808, E1_q0: -1.1747562390025728,
  E1_q1: -1.3249282021376143, E2_q0: -2.365417659491341, E2_q1: -1.526460857802303,
  E3_q0: -0.6999999999999998, E3_q1: -0.8000000000000004, U00_q0: -4.937622972843526,
  U00_q1: -4.206249428374346, U10_q0: -3.9867512751076495, U10_q1: -1.2110075325504712,
  U11_q0: 0.05979995619599124, U11_q1: 0.05163308379052635, U20_q0: 2.409266900191134,
  U20_q1: 2.0352804076616167, U21_q0: 0.29526932564432384, U21_q1: 0.12494298280304819,
  U22_q0: 0.07052882815994779, U22_q1: 0.005999474058522933, U30_q0: -7.367269593495759e-16,
  U30_q1: -1.0e-323, U31_q0: -1.462729826677984e-18, U31_q1: -1.0e-323, U32_q0: 2.2069301700742533e-17,
  U32_q1: -1.0e-323, U33_q0: 1.3946799706880664e-17, U33_q1: -1.0e-323, V00_q0: 0.6171957644593735,
  V00_q1: 0.5077846484998474, V10_q0: -0.6322121267705725, V10_q1: -0.3665978362968862,
  V11_q0: 0.0977521977174901, V11_q1: -0.05702235134728078, V20_q0: 0.3862343581251118,
  V20_q1: 0.30052277469767547, V21_q0: 0.2152126430893984, V21_q1: -0.08351060656364427,
  V22_q0: 0.0897371968808654, V22_q1: -0.009952776924397022, V30_q0: 4.261355218836104e-17,
  V30_q1: -4.759649963279308e-128, V31_q0: 4.131423197379966e-18, V31_q1: 4.13890521190319e-32,
  V32_q0: 0.0, V32_q1: 1.312601118905618e-19, V33_q0: 0.0, V33_q1: 1.3635859952025595e-18,
  Y0s_q0: -1.4547607933926945, Y0s_q1: -1.4865100633354116, Y1s_q0: 1.134606385029372,
  Y1s_q1: -0.025096083382658167, Y2s_q0: -2.242582859565379, Y2s_q1: 0.31892210364007495,
  Y3s_q0: 5.965907528811495e-17, Y3s_q1: 8.646043969655454e-17, Z0s_q0: 0.000206711382838075,
  Z0s_q1: 0.00019484178095397912, Z1s_q0: 5.0054859280266975e-05, Z1s_q1: 4.557228854764769e-05,
  Z2s_q0: 7.540084420410788e-05, Z2s_q1: 5.586269309533457e-05, Z3s_q0: -1.8082241580022547e-21,
  Z3s_q1: -1.339091910520863e-71}
