{E0_q0: 0.7367021486272173, E0_q1: 0.7624568782649572, E1_q0: -0.7, E1_q1: -0.8000000000000005,
  E2_q0: -0.7000000000000004, E2_q1: -0.800000000000001, V00_q0: 1.0873665697548442,
  V00_q1: 0.8976530727234249, V10_q0: 0.0, V10_q1: 0.0, V11_q0: 0.0, V11_q1: 0.0,
  V20_q0: 0.0, V20_q1: 0.0, V21_q0: 0.0, V21_q1: 0.0, V22_q0: 0.0, V22_q1: 0.0, Y0s_q0: -1.4589106497510806,
  Y0s_q1: -1.460967359888103, Y1s_q0: 0.0, Y1s_q1: 0.0, Y2s_q0: 0.0, Y2s_q1: 0.0,
  Z0s_q0: 0.00021909056765782045, Z0s_q1: 0.00020358965980121025, Z1s_q0: 0.0, Z1s_q1: 0.0,
  Z2s_q0: 0.0, Z2s_q1: 0.0}
