{E0_q0: 0.7354820617064485, E0_q1: 0.7470436855508639, E1_q0: -0.5767067045972951,
  E1_q1: -0.5859729069059763, V00_q0: 0.6217783693672074, V00_q1: 0.5696727498860353,
  V10_q0: 0.020190761023757667, V10_q1: -0.012419369002454436, V11_q0: 0.1630835609624859,
  V11_q1: 0.10504152670857368, Y0s_q0: -1.5961762553281371, Y0s_q1: -1.6033356887252534,
  Y1s_q0: -1.4516047683287823, Y1s_q1: -1.420983162586698, Z0s_q0: 0.0002043206535703412,
  Z0s_q1: 0.00019725380094662054, Z1s_q0: -0.00010735483186643749, Z1s_q1: 0.00010443045055690975}
