{E0_q0: 0.7455563293086214, E0_q1: 0.7569623557811794, E1_q0: -0.7000000000000001,
  E1_q1: -0.8000000000000006, E2_q0: -0.7, E2_q1: -0.8000000000000003, E3_q0: -0.7000000000000001,
  E3_q1: -0.8, Y0s_q0: -1.6265305084306543, Y0s_q1: -1.6402926660441346, Y1s_q0: 0.0,
  Y1s_q1: 0.0, Y2s_q0: 0.0, Y2s_q1: 0.0, Y3s_q0: 0.0, Y3s_q1: 0.0, Z0s_q0: 0.00021672366019823085,
  Z0s_q1: 0.00020914963479984756, Z1s_q0: 0.0, Z1s_q1: 0.0, Z2s_q0: 0.0, Z2s_q1: 0.0,
  Z3s_q0: 0.0, Z3s_q1: 0.0}
