{E0_q0: 0.745178235102268, E0_q1: 0.7574322676935057, E1_q0: -0.012510422904037703,
  E1_q1: 0.1897901950017839, V00_q0: 0.6231423528383995, V00_q1: 0.5693202093656109,
  V10_q0: -0.07018254542068891, V10_q1: 0.26449095461552247, V11_q0: 0.0011495083810486634,
  V11_q1: 0.00017617409450739046, Z0s_q0: 0.00021296751475116674, Z0s_q1: 0.00020603663674392312,
  Z1s_q0: 3.105720861615198e-05, Z1s_q1: -1.0128174416126453e-05}
