{E0_q0: 0.7029851399043241, E0_q1: 0.7300121257410125, E1_q0: -0.4736400553831472,
  E1_q1: -1.654148559240498, U00_q0: -4.438205868498737, U00_q1: -4.263335358991015,
  U10_q0: -0.0010753110956472488, U10_q1: -0.004130431455463279, U11_q0: -1.262373428498972e-07,
  U11_q1: -1.1164296874212079e-08, V00_q0: 0.993192226920664, V00_q1: 0.8220491845981213,
  V10_q0: -0.007666423263748646, V10_q1: -0.002028203011992274, V11_q0: 0.004221090470192786,
  V11_q1: 0.0010864135714729601, Y0s_q0: -1.3747831279890295, Y0s_q1: -1.3864003163203902,
  Y1s_q0: -1.500238694247374, Y1s_q1: -1.5000633729145347, Z0s_q0: 0.00012614140715396733,
  Z0s_q1: 0.00011749949354614603, Z1s_q0: 1.7876720749231293e-05, Z1s_q1: -2.326630946886827e-07}
