{E0_q0: 0.7417294629492472, E0_q1: 0.7674451004091148, E1_q0: -2.081261358173977,
  E1_q1: -1.3125764801042032, U00_q0: -4.255743915450657, U00_q1: -3.8205375616061787,
  U10_q0: -1.116509085351845, U10_q1: 1.1462575034803129, U11_q0: -0.6743700738473781,
  U11_q1: -0.14413520025860974, V00_q0: 0.5379745566817669, V00_q1: 0.44945728640035915,
  V10_q0: 0.09711665305465524, V10_q1: 0.10525099035080085, V11_q0: 0.21211248702608726,
  V11_q1: -0.0735983491916777, Y0s_q0: -1.4828876659736148, Y0s_q1: -1.494080770364672,
  Y1s_q0: -1.492227120837293, Y1s_q1: -1.488836592162511, Z0s_q0: 0.0002149544601096596,
  Z0s_q1: 0.0001997796363479968, Z1s_q0: -1.1436012871797617e-05, Z1s_q1: -4.373872971229945e-06}
