{E0_q0: 0.753309853760184, E0_q1: 0.7813246321811312, E1_q0: -2.236505831733493, E1_q1: -2.42262873378221,
  Y0s_q0: -2.2988285969143947, Y0s_q1: -1.3247715037795342, Y1s_q0: -1.5079671787184277,
  Y1s_q1: -1.4991190766947653, Z0s_q0: -6.177517404209002e-06, Z0s_q1: -3.1007442282962694e-06,
  Z1s_q0: 0.00037424691252405074, Z1s_q1: 0.0003626790942666788}
