{E0_q0: 0.7309087983305959, E0_q1: 0.7567498909231045, E1_q0: -0.7710430295116882,
  E1_q1: -0.6929000268772865, U00_q0: -4.270528041322228, U00_q1: -3.850613121320242,
  U10_q0: 0.852578009550396, U10_q1: 0.6118565914420041, U11_q0: 0.009321463528860102,
  U11_q1: -0.02792150698808582, V00_q0: 0.5743587105034572, V00_q1: 0.47952539308084535,
  V10_q0: 0.008951490458452414, V10_q1: 0.014968921337072689, V11_q0: 0.04265345054653751,
  V11_q1: 0.07264945660108167, Y0s_q0: -1.4241512241073795, Y0s_q1: -1.4495799632438293,
  Y1s_q0: -2.4295076714273254, Y1s_q1: -2.1868763456897486, Z0s_q0: 0.00020877582194422903,
  Z0s_q1: 0.00019423916987505185, Z1s_q0: 0.00012031482994618903, Z1s_q1: 0.00011883994844421354}
