{E0_q0: 0.7004878436072379, E0_q1: 0.7284767081376856, E1_q0: -2.019948725790765,
  E1_q1: -2.050455626756773, U00_q0: -4.894593443605741, U00_q1: -5.755947029360591,
  U10_q0: 0.06627602925745794, U10_q1: 0.6196093824885452, U11_q0: -3.114625123538167,
  U11_q1: 0.442675620486003, V00_q0: 1.00127547261495, V00_q1: 0.7969340972900428,
  V10_q0: -0.0018937315962605917, V10_q1: -0.0037065490170936346, V11_q0: 1.1664314597398135,
  V11_q1: -1.1052191812261403, Y0s_q0: -1.66997964581814, Y0s_q1: -1.7236130025435346,
  Y1s_q0: -1.357474665438434, Y1s_q1: -1.3227100661990159, Z0s_q0: 0.0001474350537498362,
  Z0s_q1: 0.00013681261732638878, Z1s_q0: -0.0001728774594938992, Z1s_q1: 0.00016086643136881595}
