{E0_q0: 0.7340405458848454, E0_q1: 0.759799996500193, E1_q0: 0.307066264386466, E1_q1: -1.7816711699482477,
  E2_q0: -0.7, E2_q1: -0.7999999999999997, E3_q0: -0.7, E3_q1: -0.7999999999999996,
  U00_q0: -4.42428848592003, U00_q1: -4.040017752791991, U10_q0: 0.11360084945972761,
  U10_q1: 0.585681049994984, U11_q0: 3.8749650992010585e-10, U11_q1: -4.9266601569451593e-05,
  U20_q0: 1.6468454308858733e-16, U20_q1: 7.180437051651466e-40, U21_q0: -1.9948288985302525e-20,
  U21_q1: 8.248438937199033e-47, U22_q0: 1.8945782028822413e-95, U22_q1: -6.200871066744017e-64,
  U30_q0: 1.8456583508766385e-11, U30_q1: 1.8456583508766844e-11, U31_q0: 1.8456583508766352e-11,
  U31_q1: 1.8456583508766352e-11, U32_q0: 1.8456583508766352e-11, U32_q1: 1.8456583508766352e-11,
  U33_q0: 1.8456583508766352e-11, U33_q1: 1.8456583508766352e-11, V00_q0: 0.5722001255843076,
  V00_q1: 0.47468738504549157, V10_q0: -0.16220881295444223, V10_q1: 0.10107543055198401,
  V11_q0: -1.854829245396351e-05, V11_q1: -0.003321679478487278, V20_q0: 3.21701241153816e-22,
  V20_q1: 1.5354951257180943e-19, V21_q0: 1.528904771650914e-26, V21_q1: 5.56944106600348e-23,
  V22_q0: -4.151228941488412e-48, V22_q1: -5.0045818280306444e-21, V30_q0: 2.220962311692441e-12,
  V30_q1: 1.7512234474527802e-12, V31_q0: 2.214790084986616e-12, V31_q1: 1.8456601566763045e-12,
  V32_q0: 2.2147900210486597e-12, V32_q1: 1.8456583508766352e-12, V33_q0: 2.2147900210486597e-12,
  V33_q1: 1.8456577533350706e-12, Y0s_q0: -1.4580280394718557, Y0s_q1: -1.4683358999829763,
  Y1s_q0: 0.003517158847929238, Y1s_q1: 0.053183946073254315, Y2s_q0: -3.1964057560475268e-18,
  Y2s_q1: -2.7953069609835382e-30, Y3s_q0: 5.5369750526299065e-12, Y3s_q1: 5.536975052629953e-12,
  Z0s_q0: 0.00021464043670575618, Z0s_q1: 0.00019930957401731434, Z1s_q0: -3.907764987765994e-06,
  Z1s_q1: 7.275371314832662e-06, Z2s_q0: 1.315969927189528e-26, Z2s_q1: 8.83752413006949e-25,
  Z3s_q0: 4.07289705830132e-16, Z3s_q1: 3.495817257199589e-16}
