{E0_q0: 0.7510628424253541, E0_q1: 0.7623867780329631, E1_q0: -0.6999999999999998,
  E1_q1: -0.8000000000000002, V00_q0: 1.1070191406514558, V00_q1: 1.0094439650890121,
  V10_q0: 0.0, V10_q1: 0.0, V11_q0: 0.0, V11_q1: 0.0, Y0s_q0: -1.6541623184244423,
  Y0s_q1: -1.6608785184362638, Y1s_q0: -1.1466689220521862e-16, Y1s_q1: 8.231864895858922e-17,
  Z0s_q0: 0.00020756403525070213, Z0s_q1: 0.00020024938511987482, Z1s_q0: 0.0, Z1s_q1: 0.0}
