{E0_q0: 0.7407894295285437, E0_q1: 0.7665036779787009, E1_q0: -2.0969610029594925,
  E1_q1: -1.0422621051222085, U00_q0: -4.287130845053648, U00_q1: -3.8427971809892782,
  U10_q0: 0.31884982643814525, U10_q1: 0.5166091215907259, U11_q0: -0.3358404378601703,
  U11_q1: 0.016485179697397913, V00_q0: 0.56378309303645, V00_q1: 0.47069446048292385,
  V10_q0: -0.08822884441742161, V10_q1: -0.10359183162347566, V11_q0: -0.06264372402456932,
  V11_q1: 0.008240420629967325, Y0s_q0: -1.474975671781897, Y0s_q1: -1.486224305354697,
  Y1s_q0: -1.4571290080515702, Y1s_q1: -1.5092920422245573, Z0s_q0: 0.00021604117178885223,
  Z0s_q1: 0.00020078914444695016, Z1s_q0: 9.599783909968287e-06, Z1s_q1: 2.547216571770541e-06}
