{E0_q0: 0.7357936104591596, E0_q1: 0.7615915322291495, E1_q0: -0.6738222508109495,
  E1_q1: -0.6935618786590372, V00_q0: 0.5678222276593087, V00_q1: 0.4667261302983164,
  V10_q0: -0.002515662199482519, V10_q1: 0.020453317002796522, V11_q0: 0.018540874656107834,
  V11_q1: 0.07536711311513569, Y0s_q0: -1.4644122189671744, Y0s_q1: -1.4817954113444123,
  Y1s_q0: -1.7743860254559192, Y1s_q1: -1.721926370415011, Z0s_q0: 0.0002116591164998304,
  Z0s_q1: 0.00019659090230845851, Z1s_q0: 0.000130618022888198, Z1s_q1: 0.00012132859067296357}
