{E0_q0: 0.7399230940942931, E1_q0: -0.6999999999999998, E2_q0: -0.7000000000000002,
  E3_q0: -0.7000000000000007, V00_q0: 1.3072496238574354, Y0s_q0: -1.540494683116835,
  Y1s_q0: 0.0, Y2s_q0: 0.0, Y3s_q0: 0.0, Z0s_q0: 0.00020982343408687464, Z1s_q0: 0.0,
  Z2s_q0: 0.0, Z3s_q0: 0.0}
