{E0_q0: 0.7165412486042169, E0_q1: 0.743206480407006, E1_q0: -2.3175182842307156,
  E1_q1: -0.7881822646522226, V00_q0: 1.3792787340698394, V00_q1: 0.9889731583020335,
  V10_q0: -0.12004601762988773, V10_q1: 0.21694162762297975, V11_q0: 0.08053739646355178,
  V11_q1: -1.431071000093156, Z0s_q0: 0.0001690305500026953, Z0s_q1: 0.00019489568316891564,
  Z1s_q0: 0.00012700600684189238, Z1s_q1: 6.889725328115643e-05}
