{E0_q0: 0.7545133397180787, E0_q1: 0.7657887372606936, E1_q0: -0.6999999999999998,
  E1_q1: -0.8000000000000003, V00_q0: 0.8923357649083167, V00_q1: 0.8186002644963765,
  V10_q0: 0.0, V10_q1: 0.0, V11_q0: 0.0, V11_q1: 0.0, Y0s_q0: -1.7721162566435833,
  Y0s_q1: -1.7865394266067742, Y1s_q0: -6.604993158645868e-16, Y1s_q1: -3.3632880241516856e-16,
  Z0s_q0: 0.00020094955205963015, Z0s_q1: 0.0001934781429214749, Z1s_q0: 0.0, Z1s_q1: 0.0}
