{E0_q0: 0.7307236775637546, E1_q0: -0.7000000000000003, E2_q0: -0.7, E3_q0: -0.7000000000000003,
  V00_q0: 1.2726264283499853, Y0s_q0: -0.9889600075528377, Y1s_q0: 0.0, Y2s_q0: 0.0,
  Y3s_q0: 0.0, Z0s_q0: 0.00020900979275654248, Z1s_q0: 0.0, Z2s_q0: 0.0, Z3s_q0: 0.0}
