{E0_q0: 0.7376865675475406, E0_q1: 0.7635894722637283, E1_q0: -1.022678922078897,
  E1_q1: -0.4639561929463107, E2_q0: -0.7, E2_q1: -0.8000000000000003, E3_q0: -0.7,
  E3_q1: -0.8000000000000003, U00_q0: -4.362248496600179, U00_q1: -3.97472693388351,
  U10_q0: -1.533360611231841, U10_q1: -0.11508356491919756, U11_q0: 0.007252339529063858,
  U11_q1: -0.001953792103011354, U20_q0: 4.89407180139352e-16, U20_q1: 2.1371687966010945e-27,
  U21_q0: -1.2298657118823486e-16, U21_q1: -6.758847530735937e-31, U22_q0: 3.231608800121805e-19,
  U22_q1: -1.2458075270902223e-56, U30_q0: 2.723274747604158e-20, U30_q1: 2.723274747604158e-20,
  U31_q0: 2.723274747604158e-20, U31_q1: 2.723274747604158e-20, U32_q0: 2.723274747604158e-20,
  U32_q1: 2.723274747604158e-20, U33_q0: 2.723274747604158e-20, U33_q1: 2.723274747604158e-20,
  V00_q0: 0.5482940364566656, V00_q1: 0.4568724146460581, V10_q0: -0.07158848233376407,
  V10_q1: -0.07592541652685866, V11_q0: 0.06683681483817076, V11_q1: -0.02609343875966833,
  V20_q0: -6.09466259464651e-14, V20_q1: 1.1934985868648388e-13, V21_q0: 1.2079534560892542e-14,
  V21_q1: -3.465680464684611e-15, V22_q0: 3.652939670074559e-28, V22_q1: -1.5040723643342326e-28,
  V30_q0: 3.2679296970940204e-21, V30_q1: 4.574026732332738e-19, V31_q0: 3.2679296970940204e-21,
  V31_q1: 4.574026732332738e-19, V32_q0: 3.2679296970940204e-21, V32_q1: 4.574026732332738e-19,
  V33_q0: 3.2679296970940204e-21, V33_q1: 2.7232747476649673e-21, Y0s_q0: -1.478545721519853,
  Y0s_q1: -1.486671733797989, Y1s_q0: 0.11824954969875666, Y1s_q1: -0.09046795329872682,
  Y2s_q0: -1.207784808878129e-16, Y2s_q1: -3.948707576917131e-28, Y3s_q0: 3.4193342884063486e-17,
  Y3s_q1: 8.169824242883939e-21, Z0s_q0: 0.00021404201468939196, Z0s_q1: 0.00019890248126964497,
  Z1s_q0: 1.5637317563755768e-05, Z1s_q1: 1.4238067704606873e-05, Z2s_q0: 1.4872017614389274e-17,
  Z2s_q1: 1.5231486389389667e-17, Z3s_q0: -2.4466869677735583e-22, Z3s_q1: 5.446549495259448e-25}
