{E0_q0: 0.7361442013204298, E0_q1: 0.7624676480456657, E1_q0: -1.4496542365990812,
  E1_q1: -0.7030746947413749, U00_q0: -4.409711623756926, U00_q1: -3.9286854126527366,
  U10_q0: 0.05329068940591527, U10_q1: 0.02187837879229857, U11_q0: 0.025817321329284673,
  U11_q1: 0.05207911848123227, V00_q0: 0.5639237101570477, V00_q1: 0.4699353456631723,
  V10_q0: 0.005146689679589405, V10_q1: 0.004656397739547279, V11_q0: 0.061993458798185054,
  V11_q1: -0.05049115213737827, Y0s_q0: -1.460748517862001, Y0s_q1: -1.4751320974066604,
  Y1s_q0: -1.5059567656157922, Y1s_q1: -1.5003874017788474, Z0s_q0: 0.00021369697327560343,
  Z0s_q1: 0.000199223341700731, Z1s_q0: -2.956476919033282e-05, Z1s_q1: -2.861003261228785e-05}
