{E0_q0: 0.7155593869472596, E0_q1: 0.742412541805154, E1_q0: -1.5480582363228397,
  E1_q1: -1.5726460544222247, U00_q0: -4.501298697685806, U00_q1: -5.106119334093438,
  U10_q0: 0.03786258136557012, U10_q1: -0.009183740254639885, U11_q0: -2.3238129002110153,
  U11_q1: 4.262448418003003, V00_q0: 1.0038848633537034, V00_q1: 0.8154604658910245,
  V10_q0: -0.0005794606317900278, V10_q1: 0.0002148180952815389, V11_q0: 1.227742334712973,
  V11_q1: -1.295318263825594, Y0s_q0: -1.622972888166407, Y0s_q1: -1.6540353621131718,
  Y1s_q0: -1.3814267536960367, Y1s_q1: -1.3759316819874001, Z0s_q0: 0.000174984501207001,
  Z0s_q1: 0.0001617689496990171, Z1s_q0: -0.00016408401754956374, Z1s_q1: 0.000153457188939571}
