{E0_q0: 0.7435738758875181, E0_q1: 0.7550090985276744, E1_q0: -0.7000000000000003,
  E1_q1: -0.7999999999999998, Y0s_q0: -1.6405947904967406, Y0s_q1: -1.6522131420463606,
  Y1s_q0: 1.4413509810062248e-16, Y1s_q1: 0.0, Z0s_q0: 0.00021222032867851358, Z0s_q1: 0.0002047495480310212,
  Z1s_q0: 0.0, Z1s_q1: 0.0}
