{E0_q0: 0.743413894618062, E0_q1: 0.7548490285479746, E1_q0: -0.22670943030694188,
  E1_q1: -2.94223717742488, U00_q0: -4.613508873104656, U00_q1: -4.291922540769926,
  U10_q0: 0.2116526924904235, U10_q1: -0.7549000882078426, U11_q0: -0.0003273146914264057,
  U11_q1: -0.0002839475232250345, V00_q0: 0.5323200715624362, V00_q1: 0.4884174701725029,
  V10_q0: 0.2087848874616413, V10_q1: -0.2308418050653375, V11_q0: -7.624913710839691e-06,
  V11_q1: -0.0006014525359273392, Y0s_q0: -1.5623545525936473, Y0s_q1: -1.567702218386937,
  Y1s_q0: -1.4980101403982, Y1s_q1: -1.5084351754111556, Z0s_q0: 0.00021164660619734632,
  Z0s_q1: 0.00020447721871137505, Z1s_q0: 9.414647617264667e-08, Z1s_q1: -9.126815994804146e-07}
