{E0_q0: 0.7321951424209453, E0_q1: 0.7579929406276837, E1_q0: -1.259001192367062,
  E1_q1: -0.5991165954474286, E2_q0: -0.7000000000000003, E2_q1: -0.7999999999999999,
  E3_q0: -0.7000000000000004, E3_q1: -0.7999999999999998, U00_q0: -4.404388667649879,
  U00_q1: -4.001666367078168, U10_q0: -0.7993520446016024, U10_q1: 0.9834587091845565,
  U11_q0: 0.00035408878165601424, U11_q1: 8.634563611292691e-05, U20_q0: -3.684927495691781e-16,
  U20_q1: -2.79163611653978e-23, U21_q0: -2.5251497007413274e-16, U21_q1: -1.6476906270646487e-28,
  U22_q0: -1.4088464666746936e-20, U22_q1: -9.593909894181864e-56, U30_q0: 4.2255038360191677e-16,
  U30_q1: -4.6755651195483476e-17, U31_q0: 3.660491506596317e-19, U31_q1: 5.86370944952673e-23,
  U32_q0: 1.5718848389730393e-31, U32_q1: 5.328679063686746e-22, U33_q0: 1.571884839376268e-31,
  U33_q1: 1.5718848399864301e-31, V00_q0: 0.5789396700345212, V00_q1: 0.4798564220406097,
  V10_q0: -0.06902362486917382, V10_q1: -0.0734760315912901, V11_q0: 0.004496096564762371,
  V11_q1: 0.00045866633570075955, V20_q0: -5.538277920952993e-12, V20_q1: -9.25426494815184e-13,
  V21_q0: -1.6995583799800088e-13, V21_q1: -1.4488679735275457e-15, V22_q0: 1.7913869063097742e-26,
  V22_q1: 7.542297775316409e-29, V30_q0: 7.833571703977462e-09, V30_q1: 1.1142638004427923e-09,
  V31_q0: 2.780905241799709e-10, V31_q1: 1.990943708903159e-12, V32_q0: -9.900524667815505e-23,
  V32_q1: 3.126934267162377e-19, V33_q0: 2.8168113765924506e-21, V33_q1: 3.0132769889588353e-19,
  Y0s_q0: -1.4373294902658158, Y0s_q1: -1.4428889686714865, Y1s_q0: 0.33182563348420674,
  Y1s_q1: -0.08080624637748317, Y2s_q0: -4.670980005504243e-16, Y2s_q1: -9.411324940533138e-23,
  Y3s_q0: -1.1124878765038505e-16, Y3s_q1: -1.1893143894517673e-20, Z0s_q0: 0.0002131833192960737,
  Z0s_q1: 0.00019843026491360105, Z1s_q0: 2.722050391321812e-05, Z1s_q1: 2.1221509345142163e-05,
  Z2s_q0: -9.745150041346084e-16, Z2s_q1: 1.3862439115458327e-17, Z3s_q0: 1.4009851226996833e-12,
  Z3s_q1: -1.626684381517064e-14}
