{E0_q0: 0.7176058832775719, E0_q1: 0.7294408393445574, E1_q0: -0.7000000000000005,
  E1_q1: -0.798872231579676, Y0s_q0: -3.0096503125784095, Y0s_q1: -3.2228674144933054,
  Y1s_q0: -3.3643087187870734e-15, Y1s_q1: 2.5928658065565845e-05, Z0s_q0: 0.00021576731111936766,
  Z0s_q1: 0.00020288242207005847, Z1s_q0: 0.0, Z1s_q1: 1.846321755049571e-08}
