{E0_q0: 0.7387544173013723, E0_q1: 0.7645393444239165, E1_q0: -2.0555236657987392,
  E1_q1: -1.0439330983814472, U00_q0: -4.296526759004947, U00_q1: -3.8364877986036894,
  U10_q0: 0.03587535152708902, U10_q1: 0.32517337407914315, U11_q0: -0.20484409587968108,
  U11_q1: 0.028539893130701505, V00_q0: 0.5669128717766181, V00_q1: 0.47332589486430465,
  V10_q0: -0.08917920720957141, V10_q1: -0.10534849462698953, V11_q0: -0.07968327008460706,
  V11_q1: -0.023599475939541995, Y0s_q0: -1.471777563915204, Y0s_q1: -1.4845952940390037,
  Y1s_q0: -1.4481291636094593, Y1s_q1: -1.508721460174674, Z0s_q0: 0.0002151692097026876,
  Z0s_q1: 0.00019997772562592843, Z1s_q0: 9.578574931165307e-06, Z1s_q1: 2.6998986994455146e-06}
