{E0_q0: 0.7348912747575963, E0_q1: 0.7606993034762836, E1_q0: -0.7, E1_q1: -0.8000000000000002,
  E2_q0: -0.7, E2_q1: -0.8, V00_q0: 1.1319603077014893, V00_q1: 0.9333185796367772,
  V10_q0: 0.0, V10_q1: 0.0, V11_q0: 0.0, V11_q1: 0.0, V20_q0: 0.0, V20_q1: 0.0, V21_q0: 0.0,
  V21_q1: 0.0, V22_q0: 0.0, V22_q1: 0.0, Y0s_q0: -1.4427258582674256, Y0s_q1: -1.4458326746376933,
  Y1s_q0: 0.0, Y1s_q1: 0.0, Y2s_q0: 0.0, Y2s_q1: 0.0, Z0s_q0: 0.00021952877422478447,
  Z0s_q1: 0.00020409814270031483, Z1s_q0: 0.0, Z1s_q1: 0.0, Z2s_q0: 0.0, Z2s_q1: 0.0}
