{E0_q0: 0.743518567957957, E1_q0: -0.7000000000000003, E2_q0: -0.7, E3_q0: -0.7, Y0s_q0: -1.5934008548403877,
  Y1s_q0: 0.0, Y2s_q0: 0.0, Y3s_q0: 0.0, Z0s_q0: 0.00021311087289489308, Z1s_q0: 0.0,
  Z2s_q0: 0.0, Z3s_q0: 0.0}
