{E0_q0: 0.7377796095710139, E0_q1: 0.7631519342504471, E1_q0: -0.7604489782140036,
  E1_q1: -0.8138191530926531, U00_q0: -4.293041793982845, U00_q1: -3.875717726863981,
  U10_q0: 0.14416815105475214, U10_q1: -0.19581587430527123, U11_q0: -1.3007706948210365e-06,
  U11_q1: -6.216918988738894e-06, V00_q0: 0.5745923091958665, V00_q1: 0.4799476705352343,
  V10_q0: 0.02533682439443136, V10_q1: 0.09026570902751106, V11_q0: -0.0003725145138323693,
  V11_q1: 0.0005883653775365644, Y0s_q0: -1.4462225308960255, Y0s_q1: -1.4536209473718322,
  Y1s_q0: -1.543544714067219, Y1s_q1: -1.460529210797189, Z0s_q0: 0.0002162519260840489,
  Z0s_q1: 0.0002007850059934468, Z1s_q0: 1.3122154207379143e-05, Z1s_q1: 1.0053777025534143e-05}
