{E0_q0: 0.7440966768832774, E0_q1: 0.7695766401944125, E1_q0: -1.2658257863071682,
  E1_q1: -1.9906099883001207, U00_q0: -4.362212372063852, U00_q1: -3.935209447294157,
  U10_q0: 0.5310998349049542, U10_q1: -0.2597968078722757, U11_q0: -0.00041768811647028496,
  U11_q1: -0.00032348057217506705, V00_q0: 0.5413191896864861, V00_q1: 0.4503386897167227,
  V10_q0: 0.531974665099222, V10_q1: 0.4123922923460911, V11_q0: 0.0035918012739577098,
  V11_q1: -0.010278833916187653, Y0s_q0: -1.4600898984095336, Y0s_q1: -1.4718885931395989,
  Y1s_q0: -1.5072045065346278, Y1s_q1: -1.502083945742146, Z0s_q0: 0.00021665823944012162,
  Z0s_q1: 0.00020132726590357296, Z1s_q0: 7.97418598488171e-07, Z1s_q1: 2.4122279928174836e-06}
