{E0_q0: 0.7451197168079363, E0_q1: 0.7705641335475003, E1_q0: -0.9759252988933341,
  E1_q1: -2.67119238902671, U00_q0: -4.364395327157386, U00_q1: -3.9688821411955133,
  U10_q0: 0.2768151524339262, U10_q1: -0.48206707872068916, U11_q0: -2.993293189721558e-06,
  U11_q1: -6.388002814765288e-06, V00_q0: 0.5480958409263068, V00_q1: 0.4546645345607749,
  V10_q0: -0.3180572069387184, V10_q1: 0.3395568644789206, V11_q0: 6.676689283406966e-05,
  V11_q1: -0.0014555113425707416, Y0s_q0: -1.4610546236673387, Y0s_q1: -1.472843604254538,
  Y1s_q0: -1.496902870650938, Y1s_q1: -1.5015320689433225, Z0s_q0: 0.00021767399517055543,
  Z0s_q1: 0.0002022661862549065, Z1s_q0: -2.5344373588880853e-07, Z1s_q1: 2.705867213800573e-06}
