{E0_q0: 0.740300583093279, E0_q1: 0.7658846493021516, E1_q0: -0.45736213580046864,
  E1_q1: -2.7417822650719694, U00_q0: -4.324319131712804, U00_q1: -3.900310093626628,
  U10_q0: 0.8974398511066537, U10_q1: -0.5323339184742255, U11_q0: 5.40995915087353e-09,
  U11_q1: -5.4536688953939215e-05, V00_q0: 0.5666850837158977, V00_q1: 0.4700257133565012,
  V10_q0: -0.25592916402922233, V10_q1: 0.1883587359495371, V11_q0: -5.555122572129885e-05,
  V11_q1: -0.00876676455407904, Y0s_q0: -1.4717840588780113, Y0s_q1: -1.480524171568799,
  Y1s_q0: -1.490823203783243, Y1s_q1: -1.5049881770836964, Z0s_q0: 0.00021608421012266215,
  Z0s_q1: 0.00020060858848335876, Z1s_q0: -4.119563109574087e-07, Z1s_q1: 6.212646815094446e-06}
