{E0_q0: 0.7443352973977075, E0_q1: 0.7557904557399246, E1_q0: -1.1715009152743145,
  E1_q1: -1.1440153331583083, E2_q0: -0.6131241755891087, E2_q1: -0.6826188336569966,
  U00_q0: -5.110288803035582, U00_q1: -4.5876326807726056, U10_q0: 4.467302388109987,
  U10_q1: 1.2100686665481624, U11_q0: -0.003401492541898813, U11_q1: -0.048116449459149196,
  U20_q0: 1.7372254671991603, U20_q1: -1.1558387442728235, U21_q0: 0.027209261350582232,
  U21_q1: 0.0024196717073860065, U22_q0: -2.8090455038483485e-06, U22_q1: 4.2041560104559426e-05,
  V00_q0: 1.1270733026825093, V00_q1: 1.0290169609942676, V10_q0: 0.7374424368051298,
  V10_q1: 0.7915805753288482, V11_q0: 0.03549638763279343, V11_q1: -0.17644230031519592,
  V20_q0: 0.5824170083110801, V20_q1: 0.6178538269239511, V21_q0: 0.3236902007358919,
  V21_q1: -0.008309563549401938, V22_q0: 0.0008769970146129893, V22_q1: 0.00949717762306846,
  Y0s_q0: -1.703236250468026, Y0s_q1: -1.724505092167009, Y1s_q0: -0.19492059064291065,
  Y1s_q1: 0.4430607590556691, Y2s_q0: -1.5559426369906115, Y2s_q1: 1.128379051620406,
  Z0s_q0: 0.00020790928701177976, Z0s_q1: 0.00020041397825386033, Z1s_q0: 4.742941270083467e-05,
  Z1s_q1: 4.8098789853393945e-05, Z2s_q0: -0.00011156541479445663, Z2s_q1: -0.00010431735904730772}
