{E0_q0: 0.6973649294675229, E0_q1: 0.7417081507246038, E1_q0: 0.3388512550039829,
  E1_q1: -0.8223076075764849, U00_q0: -6.303689464634324, U00_q1: -5.277857250008188,
  U10_q0: 0.047629385695357296, U10_q1: 0.0006000101925028862, U11_q0: -9.682982272037729e-11,
  U11_q1: 3.818988447418039e-09, V00_q0: 0.5967121037020882, V00_q1: 0.5114859090943905,
  V10_q0: -0.267726059455156, V10_q1: -0.10027902622984716, V11_q0: 1.8634763481240948e-05,
  V11_q1: -0.0016597906584256928, Y0s_q0: -1.897335456091242, Y0s_q1: -2.0215753356220536,
  Y1s_q0: -1.4995337175681387, Y1s_q1: -1.5000057051748379, Z0s_q0: 2.4576303297019957e-07,
  Z0s_q1: -7.240590956485516e-07, Z1s_q0: 7.344401061624635e-06, Z1s_q1: -1.3277720570326284e-07}
