{E0_q0: 0.7385314799424629, E0_q1: 0.7641916733587683, E1_q0: -1.0921187500993117,
  E1_q1: -1.7123475769145142, U00_q0: -4.345585359542876, U00_q1: -3.9517346084183536,
  U10_q0: 0.21980438923253387, U10_q1: 1.0658252687347094, U11_q0: 0.0005428885805554046,
  U11_q1: -0.002651260894247862, V00_q0: 0.5607285961843396, V00_q1: 0.4665022799343864,
  V10_q0: 0.2674098231157187, V10_q1: 0.25955136690727637, V11_q0: 0.00675756688679562,
  V11_q1: -0.012430034249137278, Y0s_q0: -1.461185766588591, Y0s_q1: -1.469331292231846,
  Y1s_q0: -1.5099193507326367, Y1s_q1: -1.4807429864117239, Z0s_q0: 0.0002156200104947115,
  Z0s_q1: 0.0002003050287138095, Z1s_q0: 2.406724056030864e-06, Z1s_q1: 4.613014484529393e-06}
