{E0_q0: 0.7351080609370448, E0_q1: 0.7602888161907768, E1_q0: -0.761174267083895,
  E1_q1: -0.833330343127062, U00_q0: -4.356540405085516, U00_q1: -3.9347342022065472,
  U10_q0: 0.12486039338313777, U10_q1: -0.10811282601831392, U11_q0: -1.4602291302772942e-06,
  U11_q1: -1.1250065636999675e-05, V00_q0: 0.5825195164130739, V00_q1: 0.4848501905088249,
  V10_q0: 0.021755521568829223, V10_q1: 0.09713892017764461, V11_q0: -0.0003449329030942033,
  V11_q1: 0.0008272724717333792, Y0s_q0: -1.4276077204293578, Y0s_q1: -1.4387725395627216,
  Y1s_q0: -1.533202122066455, Y1s_q1: -1.4701190483396358, Z0s_q0: 0.0002145705218111107,
  Z0s_q1: 0.00019909372884787475, Z1s_q0: 1.4375674693732688e-05, Z1s_q1: 1.32284009076762e-05}
