{E0_q0: 0.7438858957108213, E0_q1: 0.7694993785425784, E1_q0: -2.0105695647312785,
  E1_q1: -1.0256093964299355, U00_q0: -4.0901826509561605, U00_q1: -3.695515208550208,
  U10_q0: -0.49237875671925235, U10_q1: 0.8786873299278818, U11_q0: -0.037718821143377435,
  U11_q1: -0.049117820779944386, V00_q0: 0.535205880595254, V00_q1: 0.4499967551629383,
  V10_q0: 0.08788569634520593, V10_q1: 0.0985215070933806, V11_q0: 0.13886517218400352,
  V11_q1: -0.03445215506618715, Y0s_q0: -1.4729012709142273, Y0s_q1: -1.4841799206140023,
  Y1s_q0: -1.4904420950767154, Y1s_q1: -1.4952568455972166, Z0s_q0: 0.00021738333129535002,
  Z0s_q1: 0.00020207735080733964, Z1s_q0: -9.781140786525513e-06, Z1s_q1: -3.028905346039503e-06}
