{E0_q0: 0.7138322173159846, E0_q1: 0.7413209283847607, E1_q0: -1.5826953617186519,
  E1_q1: -1.5883339932507474, E2_q0: 0.2735285240134389, E2_q1: -0.5970288910051968,
  U00_q0: -4.5071860077618995, U00_q1: -4.279299602662353, U10_q0: 0.14375673379814757,
  U10_q1: 0.5285322317229411, U11_q0: -1.3264051290334917, U11_q1: 2.622302164823489,
  U20_q0: -0.1502464756422328, U20_q1: 0.4352772518867549, U21_q0: 0.04966690469144342,
  U21_q1: 0.04303953328752232, U22_q0: -7.07837529128233e-13, U22_q1: -1.7365144692743244e-07,
  V00_q0: 1.081580094213196, V00_q1: 0.8941289098335368, V10_q0: -0.008028101538561332,
  V10_q1: -0.006505577507269593, V11_q0: 1.210188227683724, V11_q1: -1.2881026405914475,
  V20_q0: -0.08820796112442669, V20_q1: 0.12428383862204839, V21_q0: -0.15839566396806862,
  V21_q1: 0.7278173548175964, V22_q0: 1.1243672718301428e-06, V22_q1: -0.00030370799007265083,
  Y0s_q0: -1.5152666092921572, Y0s_q1: -1.5354200964839742, Y1s_q0: -1.5431673867855027,
  Y1s_q1: -1.5369702729638282, Y2s_q0: -0.02572949359643722, Y2s_q1: -0.029041195455199082,
  Z0s_q0: 0.00017989670224279202, Z0s_q1: 0.00016787457941968393, Z1s_q0: -0.00014430415293177143,
  Z1s_q1: 0.0001332078777591994, Z2s_q0: 5.82056671385303e-05, Z2s_q1: 1.0577190596334282e-05}
