{E0_q0: 0.7328339828034289, E0_q1: 0.7558328942966825, E1_q0: -0.06005613220242269,
  E1_q1: -1.6358003885686687, E2_q0: -1.999992337317601, E2_q1: -1.6309426393347808,
  E3_q0: -0.7000000000227016, E3_q1: -0.8000000000000093, U00_q0: -4.570334877009883,
  U00_q1: -4.230824144289298, U10_q0: -2.335292240339471, U10_q1: -1.3873568893029282,
  U11_q0: 0.006740842947629029, U11_q1: -0.1848804193026331, U20_q0: 2.021489022999703,
  U20_q1: -0.1830706836028946, U21_q0: 0.0038570100509576193, U21_q1: -0.08606686855727033,
  U22_q0: 0.00013991694373155584, U22_q1: -0.0021911977941395304, U30_q0: 2.6498769580595766e-15,
  U30_q1: 1.0048857898650499e-28, U31_q0: 2.531183309795358e-15, U31_q1: 2.0245097871953047e-31,
  U32_q0: 4.922620984743417e-15, U32_q1: -1.8254220067713838e-34, U33_q0: -7.628183646643065e-16,
  U33_q1: 4.894400456631667e-50, V00_q0: 0.5725392610973787, V00_q1: 0.46001011950665366,
  V10_q0: -0.29695550709777085, V10_q1: -0.2676982293778049, V11_q0: 0.07128678699977069,
  V11_q1: 0.12986714798447246, V20_q0: -0.40185714327951677, V20_q1: -0.40795610001929156,
  V21_q0: -0.05344554225868421, V21_q1: -0.08175340951303234, V22_q0: 0.01000566724727864,
  V22_q1: 0.01889023818889787, V30_q0: 8.323126296076685e-16, V30_q1: -7.657305071910184e-16,
  V31_q0: 9.44715093996937e-17, V31_q1: 7.808883912257409e-17, V32_q0: 8.993524814173951e-17,
  V32_q1: -2.0682202068041122e-16, V33_q0: -1.0404836218014044e-16, V33_q1: -9.445559543079438e-17,
  Y0s_q0: -1.4546498164478818, Y0s_q1: -1.470793617320799, Y1s_q0: 0.0715910668669667,
  Y1s_q1: -0.9231259580079483, Y2s_q0: -2.705527464736809, Y2s_q1: -2.1176141267579265,
  Y3s_q0: -1.4999999999999987, Y3s_q1: -1.4999999999999998, Z0s_q0: 0.00021355191109080683,
  Z0s_q1: 0.0001950891242400296, Z1s_q0: 8.230012556670929e-05, Z1s_q1: -4.3597820253182525e-05,
  Z2s_q0: -5.326456765314235e-05, Z2s_q1: 2.6563256776955218e-05, Z3s_q0: -2.826626639036373e-19,
  Z3s_q1: -1.1005017300279466e-19}
