{E0_q0: 0.7377324457450635, E0_q1: 0.7626466366748581, E1_q0: -0.7521211053243966,
  E1_q1: -0.9238198494526503, U00_q0: -4.314083919173708, U00_q1: -3.9052458892671713,
  U10_q0: 0.1711289865803571, U10_q1: 0.0038436056170555208, U11_q0: -3.408580658007177e-06,
  U11_q1: -7.556015205510633e-05, V00_q0: 0.5759048710908242, V00_q1: 0.47996374985940315,
  V10_q0: 0.026483535033006936, V10_q1: 0.08550595027392614, V11_q0: -0.0008857526513430061,
  V11_q1: 0.001941319937433866, Y0s_q0: -1.4353742750437455, Y0s_q1: -1.4433531173470355,
  Y1s_q0: -1.5479359284146441, Y1s_q1: -1.4124589092721405, Z0s_q0: 0.0002166396040965741,
  Z0s_q1: 0.00020078705372356457, Z1s_q0: 1.4903966004595657e-05, Z1s_q1: 1.84024438280412e-05}
