{E0_q0: 0.7455059425232733, E0_q1: 0.7569038993090722, E1_q0: -1.149390211884662,
  E1_q1: -2.5129734627515354, U00_q0: -4.51562348642431, U00_q1: -4.235920590467243,
  U10_q0: 0.09364332543727255, U10_q1: -0.47418797669010454, U11_q0: 0.0023557442282283545,
  U11_q1: 0.0024217287375201623, V00_q0: 0.560921553659639, V00_q1: 0.515646145706733,
  V10_q0: -0.1735496795403167, V10_q1: -0.09101735368541616, V11_q0: -0.0006597561839039488,
  V11_q1: 0.0017549255308152915, Y0s_q0: -1.575589293840121, Y0s_q1: -1.5836494049731995,
  Y1s_q0: -1.499077965936918, Y1s_q1: -1.499573759016528, Z0s_q0: 0.00021291721169602754,
  Z0s_q1: 0.00020565489364270052, Z1s_q0: -1.109802302600309e-07, Z1s_q1: -1.9337842465070642e-06}
