{E0_q0: 0.7376488924964435, E0_q1: 0.763353807200496, E1_q0: 0.6572185310978279, E1_q1: -0.7231789634713265,
  U00_q0: -4.327884650790686, U00_q1: -3.928481053105293, U10_q0: 1.4442313138034455,
  U10_q1: 0.4767666336437926, U11_q0: 3.1811531047827404e-08, U11_q1: -3.8134836727720386e-05,
  V00_q0: 0.5611935509283051, V00_q1: 0.4687019334818099, V10_q0: -0.03240265827152113,
  V10_q1: 0.13143320499555636, V11_q0: 0.00018810800397079438, V11_q1: -0.0011788948807684438,
  Y0s_q0: -1.4604718646503274, Y0s_q1: -1.4711415344837713, Y1s_q0: -1.4844576633615167,
  Y1s_q1: -1.4880661114786329, Z0s_q0: 0.0002150436466944424, Z0s_q1: 0.00019978006104756142,
  Z1s_q0: -7.14498838589666e-05, Z1s_q1: 4.66188659283372e-06}
