{E0_q0: 0.7360293055036468, E0_q1: 0.7617922002500324, E1_q0: -0.8082148066623761,
  E1_q1: -0.8657716624054372, U00_q0: -4.29483837865679, U00_q1: -3.8375609056307445,
  U10_q0: 0.06338376360903339, U10_q1: 0.23554794122028497, U11_q0: -0.38231224592657753,
  U11_q1: -0.8167424317896066, V00_q0: 0.5685693696896039, V00_q1: 0.47633428926354315,
  V10_q0: -0.003465772319180695, V10_q1: 0.013261540334906117, V11_q0: -0.07207933434717004,
  V11_q1: -0.1720988562207837, Y0s_q0: -1.457203323901596, Y0s_q1: -1.4701487015142942,
  Y1s_q0: -1.5093066826948072, Y1s_q1: -1.5031054500464662, Z0s_q0: 0.00021311698825253415,
  Z0s_q1: 0.00019798995839834244, Z1s_q0: -3.044172723421885e-05, Z1s_q1: 2.788749034796299e-05}
