{E0_q0: 0.7417757858389703, E0_q1: 0.7673464186183272, E1_q0: 0.6649429783288958,
  E1_q1: -0.07582628188593583, U00_q0: -4.257239546892917, U00_q1: -3.830165549051969,
  U10_q0: 4.486046728695291, U10_q1: 0.3904206227355254, U11_q0: 1.1482038747978632e-08,
  U11_q1: -7.105172882546984e-08, V00_q0: 0.5559317972728207, V00_q1: 0.46609933403840415,
  V10_q0: -0.09255729816054081, V10_q1: 0.1999875456174102, V11_q0: 0.00015423908219882956,
  V11_q1: -6.603144083697058e-05, Y0s_q0: -1.4800961991450374, Y0s_q1: -1.4901008383910221,
  Y1s_q0: -1.447868474351146, Y1s_q1: -1.4859930520578268, Z0s_q0: 0.00021733999506523034,
  Z0s_q1: 0.00020180538209904806, Z1s_q0: -8.018773679776273e-05, Z1s_q1: 9.534029833001082e-06}
