{E0_q0: 0.7365703332933182, E0_q1: 0.7481147734704318, E1_q0: -0.677258908651231,
  E1_q1: -0.6869890980232641, V00_q0: 0.6222971584464595, V00_q1: 0.5687977633320047,
  V10_q0: -0.027017932037189024, V10_q1: 0.009474621023305806, V11_q0: 0.1562820315584839,
  V11_q1: 0.0776676295310048, Y0s_q0: -1.5990734060820817, Y0s_q1: -1.6072019358174003,
  Y1s_q0: -1.4625491352720834, Y1s_q1: -1.4129619778468945, Z0s_q0: 0.00020536044925966045,
  Z0s_q1: 0.00019825027583281475, Z1s_q0: 9.547007321518072e-05, Z1s_q1: -9.284464638925814e-05}
