{E0_q0: 0.7382217116149881, E0_q1: 0.7639078837628943, E1_q0: 0.5222340058049123,
  E1_q1: 0.12491623886115287, U00_q0: -4.305853278366514, U00_q1: -3.789431504210568,
  U10_q0: 5.084511944663536, U10_q1: 0.1282733052564857, U11_q0: 5.6772682735870915e-06,
  U11_q1: -5.357144172481806e-06, V00_q0: 0.5674872370374082, V00_q1: 0.4757491668557399,
  V10_q0: -0.09644355240552548, V10_q1: 0.14725074352600614, V11_q0: 0.001886550236459321,
  V11_q1: 0.0011632255394497728, Y0s_q0: -1.459438936176286, Y0s_q1: -1.470964614132848,
  Y1s_q0: -1.4326071447980049, Y1s_q1: -1.4980420733486732, Z0s_q0: 0.00021527867291946395,
  Z0s_q1: 0.0002000104627847944, Z1s_q0: -7.134666897410871e-05, Z1s_q1: 2.352444963296074e-05}
