{E0_q0: 0.7360669531888683, E0_q1: 0.7618459779186451, E1_q0: -0.7, E1_q1: -0.8000000000000002,
  E2_q0: -0.6999999999999996, E2_q1: -0.7999999999999998, V00_q0: 1.0854022219402188,
  V00_q1: 0.8985775372912922, V10_q0: 0.0, V10_q1: 0.0, V11_q0: 0.0, V11_q1: 0.0,
  V20_q0: 0.0, V20_q1: 0.0, V21_q0: 0.0, V21_q1: 0.0, V22_q0: 0.0, V22_q1: 0.0, Y0s_q0: -1.4661398072863,
  Y0s_q1: -1.4683714166821464, Y1s_q0: 0.0, Y1s_q1: 0.0, Y2s_q0: 0.0, Y2s_q1: 0.0,
  Z0s_q0: 0.00021919615537752064, Z0s_q1: 0.00020362596362107234, Z1s_q0: 0.0, Z1s_q1: 0.0,
  Z2s_q0: 0.0, Z2s_q1: 0.0}
