{E0_q0: 0.7541256656786454, E0_q1: 0.7647445698814344, E1_q0: -0.9686262503391112,
  E1_q1: -2.4217171517802796, E2_q0: -0.4570768651945781, E2_q1: -1.0351965983630937,
  U00_q0: -4.354570426821478, U00_q1: -4.0472161316799316, U10_q0: -1.0672851953401719,
  U10_q1: -2.00198998920946, U11_q0: 0.012902416600699448, U11_q1: 0.760578209841261,
  U20_q0: -0.3198000664714025, U20_q1: 0.703838740326295, U21_q0: 0.02680108576574981,
  U21_q1: -0.11625018513760793, U22_q0: 3.536844710419541e-08, U22_q1: 0.006463336035445965,
  V00_q0: 1.1746111791152354, V00_q1: 1.0818429416308513, V10_q0: 0.021558891708486946,
  V10_q1: 0.07745840296860441, V11_q0: 0.12277643351818027, V11_q1: -0.6023546717697867,
  V20_q0: 0.016821326336550448, V20_q1: -0.025420469893190918, V21_q0: 0.10809681024895364,
  V21_q1: 0.14605987809944454, V22_q0: 0.00020802134791124633, V22_q1: -0.08504090869516565,
  Y0s_q0: -1.7345499831366922, Y0s_q1: -1.7882682601212263, Y1s_q0: -1.060146802352699,
  Y1s_q1: -0.3367552183781101, Y2s_q0: -0.10577537522000578, Y2s_q1: 0.40833714195953585,
  Z0s_q0: 0.00021228188092939202, Z0s_q1: 0.00020267592049971438, Z1s_q0: -7.92335141957376e-05,
  Z1s_q1: 3.547523722373829e-05, Z2s_q0: -6.74632858528421e-05, Z2s_q1: 8.345813978677666e-05}
