{E0_q0: 0.7375815401776444, E0_q1: 0.7491084662619906, E1_q0: 0.5391620563467373,
  E1_q1: -1.9071431459706363, V00_q0: 0.5793670989557733, V00_q1: 0.5303773870866286,
  V10_q0: -0.2306524396752495, V10_q1: -0.0001349199714025463, V11_q0: -0.0022343741298458206,
  V11_q1: 0.004655410762293608, Y0s_q0: -1.5382578206490691, Y0s_q1: -1.5455057775129268,
  Y1s_q0: -1.5326169177599498, Y1s_q1: -1.4817158315193257, Z0s_q0: 0.00021041038779185203,
  Z0s_q1: 0.00020334090095286514, Z1s_q0: 9.331306833207245e-06, Z1s_q1: 1.0173751486247455e-06}
