{E0_q0: 0.7432998477568219, E0_q1: 0.7687444790640569, E1_q0: -0.19297771561586052,
  E1_q1: -1.8930853340549876, E2_q0: 0.0486985296115319, E2_q1: -1.3799639244625221,
  U00_q0: -4.3668555228315915, U00_q1: -3.9566475593092236, U10_q0: 5.500109787446557,
  U10_q1: -2.5974654198986036, U11_q0: 0.027636239810878486, U11_q1: 0.02667145904169092,
  U20_q0: 3.315788830736696, U20_q1: -1.6915194168023782, U21_q0: 0.010959444645157924,
  U21_q1: 0.005669175014341325, U22_q0: 0.0001654848496687354, U22_q1: 0.00017429996234104238,
  V00_q0: 0.6196111486905793, V00_q1: 0.5164111418639362, V10_q0: -0.03829760486562945,
  V10_q1: 0.00983173376872299, V11_q0: 0.5263623674433445, V11_q1: -0.22871914946774977,
  V20_q0: 0.4560620378807428, V20_q1: 0.051774172228833897, V21_q0: 0.11227436445590751,
  V21_q1: -0.19687329125578856, V22_q0: 0.0018670574753226004, V22_q1: 0.0004533721215560568,
  Y0s_q0: -1.436420038980656, Y0s_q1: -1.4469994660710233, Y1s_q0: -1.5953622891758934,
  Y1s_q1: -1.5068174728912873, Y2s_q0: -1.381852814067665, Y2s_q1: -1.508402540073479,
  Z0s_q0: 0.000252028390321544, Z0s_q1: 0.0002343222728535869, Z1s_q0: 3.1575706969105275e-05,
  Z1s_q1: 3.4494837711016917e-06, Z2s_q0: 2.193923274509356e-05, Z2s_q1: 1.6877955237147748e-05}
