{E0_q0: 0.7347273194551969, E0_q1: 0.7462938734999771, E1_q0: -0.7809418573179302,
  E1_q1: -0.7915982890153072, V00_q0: 0.6133635955649339, V00_q1: 0.5605046336380087,
  V10_q0: -0.017751928582872646, V10_q1: -0.006543570829584608, V11_q0: 0.10314658912173649,
  V11_q1: -0.018192937252125813, Y0s_q0: -1.6127795210652973, Y0s_q1: -1.6240371347250937,
  Y1s_q0: -1.4441266847152858, Y1s_q1: -1.3810072513250524, Z0s_q0: 0.00020187343563172217,
  Z0s_q1: 0.00019481882814418596, Z1s_q0: 0.00010941950866922082, Z1s_q1: 0.00010643422474250192}
