{E0_q0: 0.7406136702195144, E0_q1: 0.766205961115317, E1_q0: -0.14520828238749692,
  E1_q1: -1.420903982068869, U00_q0: -4.375453134902497, U00_q1: -3.9069764568062406,
  U10_q0: 0.6027614265201073, U10_q1: -1.5562906632714044, U11_q0: 0.0014677351794372693,
  U11_q1: -0.001500676345938463, V00_q0: 0.5579848096875067, V00_q1: 0.4654079812409968,
  V10_q0: -0.01845854082257549, V10_q1: 0.09575073852460247, V11_q0: -0.006312185919948059,
  V11_q1: -0.013168126763680763, Y0s_q0: -1.4766558408333983, Y0s_q1: -1.4874293268556202,
  Y1s_q0: -1.4905936391108934, Y1s_q1: -1.5104973030474649, Z0s_q0: 0.00021728059643905245,
  Z0s_q1: 0.00020173846848025602, Z1s_q0: -1.293783532687865e-05, Z1s_q1: 5.5864536957460125e-06}
