{E0_q0: 0.7413841388330253, E0_q1: 0.7669505926183023, E1_q0: -0.52861888239638, E1_q1: -2.652833110740895,
  U00_q0: -4.418594873061235, U00_q1: -3.9828256482945754, U10_q0: 0.8512544905264907,
  U10_q1: -0.6957302421945837, U11_q0: 3.044697015614367e-07, U11_q1: 4.175652485684935e-05,
  V00_q0: 0.5638597800282401, V00_q1: 0.46660109722871684, V10_q0: 0.3232729734355798,
  V10_q1: -0.3390618747899575, V11_q0: -5.025712062569768e-06, V11_q1: -0.0028830632672250606,
  Y0s_q0: -1.4669358983224512, Y0s_q1: -1.4773917382506239, Y1s_q0: -1.4912605983106302,
  Y1s_q1: -1.5064598855820286, Z0s_q0: 0.0002162945577913272, Z0s_q1: 0.00020090635687184305,
  Z1s_q0: 3.2544070454282916e-07, Z1s_q1: -3.029547475205146e-06}
