{E0_q0: 0.7335711741542054, E0_q1: 0.7599104169603231, E1_q0: -1.1745663707308829,
  E1_q1: -0.4557375064398112, U00_q0: -4.355588999034745, U00_q1: -3.886175244828341,
  U10_q0: -0.39889364437917746, U10_q1: 0.908146313550085, U11_q0: -0.01556973198901333,
  U11_q1: -0.045835334463322254, V00_q0: 0.5541786912036516, V00_q1: 0.46301234296510907,
  V10_q0: 0.004908406799205309, V10_q1: 0.00625881339001038, V11_q0: 0.07616725487074463,
  V11_q1: 0.06496839855188101, Y0s_q0: -1.4574755806808237, Y0s_q1: -1.4695972804893547,
  Y1s_q0: -1.525592263935799, Y1s_q1: -1.497013216947002, Z0s_q0: 0.00021358703103788694,
  Z0s_q1: 0.00019889499903240465, Z1s_q0: -2.462949692393913e-05, Z1s_q1: -2.3848112367439625e-05}
