{E0_q0: 0.7389568556105718, E0_q1: 0.76467767709913, E1_q0: -2.2364171380052005, E1_q1: -0.959519371136719,
  U00_q0: -4.259140597156349, U00_q1: -3.812908054404969, U10_q0: 0.2095821692975681,
  U10_q1: 0.38949850783309825, U11_q0: 0.004737151067806256, U11_q1: -0.003486153938929104,
  V00_q0: 0.5690465217535574, V00_q1: 0.47493050863260183, V10_q0: -0.16219575513585047,
  V10_q1: -0.18095895613936763, V11_q0: 0.02896145780902405, V11_q1: -0.003418543946967972,
  Y0s_q0: -1.4716774374652632, Y0s_q1: -1.4807430314886965, Y1s_q0: -1.4928834087364766,
  Y1s_q1: -1.4976976995643785, Z0s_q0: 0.00021550935257094188, Z0s_q1: 0.00020023214597993653,
  Z1s_q0: 6.522573457432868e-06, Z1s_q1: 1.4675788725700296e-06}
