{E0_q0: 0.7404106437646806, E0_q1: 0.7660251406223713, E1_q0: 0.5583711824054051,
  E1_q1: 0.09027207729113217, U00_q0: -4.25650972983983, U00_q1: -3.856429003369123,
  U10_q0: 4.172633877441341, U10_q1: 2.0147354673809845, U11_q0: 3.3054486692208956e-07,
  U11_q1: -5.414764781622929e-06, V00_q0: 0.5573136451214331, V00_q1: 0.4669809456415328,
  V10_q0: 0.1494564269793497, V10_q1: 0.2427936469302639, V11_q0: 0.0004573338676089631,
  V11_q1: -0.000968920503811999, Y0s_q0: -1.4780376146951608, Y0s_q1: -1.48846520387464,
  Y1s_q0: -1.4551576918981257, Y1s_q1: -1.4798816580577225, Z0s_q0: 0.00021585998381052731,
  Z0s_q1: 0.0002004324124419157, Z1s_q0: 6.587424330867524e-05, Z1s_q1: 1.6898505303368002e-05}
