{E0_q0: 0.7446298358430133, E0_q1: 0.756957265528428, E1_q0: 0.16091277077119653,
  E1_q1: 0.07835444458534804, V00_q0: 0.6164640183958539, V00_q1: 0.5638659096202885,
  V10_q0: -0.05671355415323918, V10_q1: 0.2908070536096107, V11_q0: 0.0004421987344393011,
  V11_q1: 7.762430997313631e-05, Z0s_q0: 0.00021202051276753174, Z0s_q1: 0.00020514549894501036,
  Z1s_q0: 4.3858853726987934e-05, Z1s_q1: -8.893620344581348e-06}
