{E0_q0: 0.7321674858472828, E0_q1: 0.7573133458645376, U00_q0: -4.559140551954948,
  U00_q1: -4.085239564619875, V00_q0: 0.5827127990229513, V00_q1: 0.4831209986131939,
  Y0s_q0: -1.445367841337409, Y0s_q1: -1.4608981112722084, Z0s_q0: 0.00021510994008569088,
  Z0s_q1: 0.0001994347626881587}
