{E0_q0: 0.727652928094071, E0_q1: 0.7394174777645938, E1_q0: 0.6024060790136629, E1_q1: -7.262055379597081,
  U00_q0: -11.638947946319558, U00_q1: -7.908917805329133, U10_q0: -14.235632415143536,
  U10_q1: 7.056846537928002, U11_q0: 3.35548020299609e-08, U11_q1: -0.0005171064518455806,
  V00_q0: 0.7523791606611773, V00_q1: 0.6354640215196782, V10_q0: -0.005208131760471457,
  V10_q1: 0.08280498470646093, V11_q0: -0.0002260596341187353, V11_q1: 0.014958701677115943,
  Y0s_q0: -2.4694864301509756, Y0s_q1: -2.752286049498343, Y1s_q0: -1.5295349106711684,
  Y1s_q1: -1.509255425172569, Z0s_q0: 2.8199518318013298e-05, Z0s_q1: 2.6745251844601626e-05,
  Z1s_q0: 1.8044354813223343e-05, Z1s_q1: -1.0683814596900703e-06}
