{E0_q0: 0.7500804754678293, E0_q1: 0.775469099314814, E1_q0: -1.8184119088584723,
  E1_q1: -1.1633406548648673, U00_q0: -3.9539680705170492, U00_q1: -3.5584301215715994,
  U10_q0: -0.576066586039334, U10_q1: 0.5057046390216112, U11_q0: 0.07329339642968809,
  U11_q1: -0.001319388671154847, V00_q0: 0.54240538588493, V00_q1: 0.45885437227778947,
  V10_q0: -0.11618659121018565, V10_q1: -0.13143911462750463, V11_q0: 0.04690811345868101,
  V11_q1: -0.014568048405339802, Y0s_q0: -1.4879335404467717, Y0s_q1: -1.4990580879616373,
  Y1s_q0: -1.4533610361028704, Y1s_q1: -1.5033605345486416, Z0s_q0: 0.00022155848403017877,
  Z0s_q1: 0.00020585223652563737, Z1s_q0: 9.218387845313176e-06, Z1s_q1: 3.964812866814892e-06}
