{E0_q0: 0.7520112183829131, E0_q1: 0.7777333983392106, E1_q0: -1.5640790916478937,
  E1_q1: -1.428421253799193, U00_q0: -3.9201261761444974, U00_q1: -3.60125748208596,
  U10_q0: 0.2986998483348253, U10_q1: -0.1288900001361774, U11_q0: 0.18031395075190063,
  U11_q1: -0.16560726775938825, V00_q0: 0.9957367696245262, V00_q1: 0.8433249923067618,
  V10_q0: -0.0018103845413963537, V10_q1: 0.0011369541851190656, V11_q0: -0.29345936866145184,
  V11_q1: 0.29570919221999414, Y0s_q0: -1.6013552516137854, Y0s_q1: -1.58675628822735,
  Y1s_q0: 0.4645867078156061, Y1s_q1: -0.8628537995270161, Z0s_q0: 0.00021661814459794038,
  Z0s_q1: 0.0002011428856386038, Z1s_q0: -5.045953584234143e-05, Z1s_q1: 4.719335018452935e-05}
