{E0_q0: 0.7262249585285847, E0_q1: 0.7499705676768599, E1_q0: -0.5814688545580935,
  E1_q1: -1.6914335419082454, E2_q0: -3.156057164586717, E2_q1: -0.45017779925797,
  U00_q0: -4.940303165240975, U00_q1: -4.662189820754063, U10_q0: 3.456416676974126,
  U10_q1: 7.173655196176468, U11_q0: 0.0007968174044051835, U11_q1: 0.10119795697067345,
  U20_q0: -3.8872423819538895, U20_q1: -0.039694459792888985, U21_q0: 0.033036463279106594,
  U21_q1: 0.743055827866356, U22_q0: 0.09692791317560705, U22_q1: -0.19969842142809746,
  V00_q0: 1.0478760794167759, V00_q1: 0.8424461528115355, V10_q0: 1.408225871880337,
  V10_q1: 0.21584534528430696, V11_q0: -0.025767317348702305, V11_q1: 0.2846423674019256,
  V20_q0: -0.3595363445609631, V20_q1: -0.011917607706786106, V21_q0: -0.17152174808559167,
  V21_q1: 0.5926535157578088, V22_q0: -0.3159773490848802, V22_q1: 0.4999108024293673,
  Y0s_q0: -1.455965283613743, Y0s_q1: -1.4852678618971558, Y1s_q0: -0.9782725779898063,
  Y1s_q1: -0.33287231794812866, Y2s_q0: 0.9708391943026009, Y2s_q1: -0.09530785367194655,
  Z0s_q0: 0.00021814230886713778, Z0s_q1: 0.00019930267329813222, Z1s_q0: 1.879036347253157e-05,
  Z1s_q1: 5.103349586582831e-05, Z2s_q0: 6.88228242303546e-05, Z2s_q1: -7.128888796283763e-05}
