{E0_q0: 0.7614947689254126, E0_q1: 0.7865407683459466, E1_q0: -1.7961463064307548,
  E1_q1: -1.6303472933058654, U00_q0: -3.874292591913107, U00_q1: -3.0314745020757625,
  U10_q0: -6.05101583871919, U10_q1: -5.358895710302671, U11_q0: 0.20616137549023897,
  U11_q1: -0.013605287367433935, V00_q0: 0.7873146335534732, V00_q1: 0.6700861075639175,
  V10_q0: 0.6895002598081292, V10_q1: 0.5597399801884632, V11_q0: -0.6770818125478631,
  V11_q1: 0.33263950298040945, Y0s_q0: -1.5582351584180851, Y0s_q1: -1.5673403016386778,
  Y1s_q0: 0.07954941845904878, Y1s_q1: -0.07275398240745172, Z0s_q0: 0.0002175857428709518,
  Z0s_q1: 0.0002017675929131674, Z1s_q0: -1.6094880132934106e-05, Z1s_q1: -1.3258430231683434e-05}
