{E0_q0: 0.7228889816900207, E0_q1: 0.7478339441908693, E1_q0: -0.7, E1_q1: -0.8, E2_q0: -0.7,
  E2_q1: -0.8, Z0s_q0: 0.0002106312689664501, Z0s_q1: 0.000195272489095037, Z1s_q0: 0.0,
  Z1s_q1: 0.0, Z2s_q0: 0.0, Z2s_q1: 0.0}
