{E0_q0: 0.7431624814522504, E0_q1: 0.7546028866080143, E1_q0: 0.5615315216368649,
  E1_q1: -1.590851461389892, V00_q0: 0.5327121118028362, V00_q1: 0.4915237055329271,
  V10_q0: -0.5229158879566619, V10_q1: -0.7879147952696657, V11_q0: 0.0033325141080228216,
  V11_q1: -0.000815063024572524, Y0s_q0: -1.5769884919477826, Y0s_q1: -1.5767198123549315,
  Y1s_q0: -1.49484503324819, Y1s_q1: -1.4851258838880763, Z0s_q0: 0.00020318818884758726,
  Z0s_q1: 0.00019626652038940969, Z1s_q0: 1.0203908018549838e-05, Z1s_q1: 6.540066630839168e-07}
