{E0_q0: 0.7520920895981161, E0_q1: 0.7634237201091024, E1_q0: -0.6317167578852083,
  E1_q1: -0.6353177196012881, U00_q0: -4.70726586283109, U00_q1: -4.427214647451419,
  U10_q0: 0.1549448518304617, U10_q1: -0.8071659838456032, U11_q0: -0.0017041965623637283,
  U11_q1: -0.024803530509731667, V00_q0: 1.2409109463968544, V00_q1: 1.1385629372240946,
  V10_q0: -0.0005408999105087523, V10_q1: 0.0017685491127999887, V11_q0: 0.018856412028102155,
  V11_q1: 0.2133663590756657, Y0s_q0: -1.6990902464711994, Y0s_q1: -1.723462202180443,
  Y1s_q0: -1.0247970234773005, Y1s_q1: 0.5127282169654932, Z0s_q0: 0.00021160864381588815,
  Z0s_q1: 0.00020399107315056437, Z1s_q0: -9.673553114621736e-05, Z1s_q1: 9.64166596307055e-05}
