{E0_q0: 0.7408219056742733, E0_q1: 0.7522984959005232, E1_q0: -0.7, E1_q1: -0.7999999999999998,
  Y0s_q0: -1.6621370342471709, Y0s_q1: -1.678559671107144, Y1s_q0: -1.869024912152939e-16,
  Y1s_q1: 0.0, Z0s_q0: 0.00020958915750256239, Z0s_q1: 0.00020211656167681575, Z1s_q0: 0.0,
  Z1s_q1: 0.0}
