{E0_q0: 0.7404024821425532, E0_q1: 0.7660177522344104, E1_q0: 0.7150139884275142,
  E1_q1: -2.1763625726537454, U00_q0: -4.278010723994113, U00_q1: -3.857353179444852,
  U10_q0: -0.035022061979904574, U10_q1: 1.3573051651247243, U11_q0: 5.729474599031655e-08,
  U11_q1: -0.0003669190046920493, V00_q0: 0.5493707975602906, V00_q1: 0.45798131105409345,
  V10_q0: 0.017395387742681276, V10_q1: 0.3015085826758902, V11_q0: 0.00017035299617636806,
  V11_q1: -0.0028409481870666844, Y0s_q0: -1.46371759460572, Y0s_q1: -1.4757110890540015,
  Y1s_q0: -1.4975469585481342, Y1s_q1: -1.4885024257741304, Z0s_q0: 0.00021642552998630665,
  Z0s_q1: 0.00020105405668161236, Z1s_q0: 7.555493227840286e-05, Z1s_q1: 2.7404406928157447e-06}
