{E0_q0: 0.7515607478792943, E0_q1: 0.7765127457820296, U00_q0: -4.327662034973024,
  U00_q1: -3.8824008878283993, V00_q0: 0.5849788230127618, V00_q1: 0.48967798763134995,
  Y0s_q0: -1.4867230012832482, Y0s_q1: -1.4973511614710318, Z0s_q0: 0.00022815669282343797,
  Z0s_q1: 0.00021175656693498882}
