{E0_q0: 0.7369470407510358, E0_q1: 0.762677606759214, E1_q0: 0.2887704952926174, E1_q1: -0.28517472244775466,
  U00_q0: -4.310300506023919, U00_q1: -3.890956138793419, U10_q0: 1.2404007730721094,
  U10_q1: 0.17639893548988964, U11_q0: 1.0694526640133695e-05, U11_q1: 1.3555913626154336e-06,
  V00_q0: 0.5663492751896401, V00_q1: 0.47375660362843663, V10_q0: -0.05353548622361723,
  V10_q1: 0.11054580513825327, V11_q0: 0.0036437271234782596, V11_q1: 0.0027725642433711734,
  Y0s_q0: -1.456989336391819, Y0s_q1: -1.4679155518976437, Y1s_q0: -1.48721535453143,
  Y1s_q1: -1.4988255624212852, Z0s_q0: 0.00021423918029377792, Z0s_q1: 0.0001990544676457995,
  Z1s_q0: -3.0310539700610272e-05, Z1s_q1: 9.579328944881693e-06}
