{E0_q0: 0.7398508144775655, E1_q0: -0.7000000000000002, E2_q0: -0.7, E3_q0: -0.6999999999999997,
  V00_q0: 1.307924423597901, Y0s_q0: -1.5353647086383286, Y1s_q0: 0.0, Y2s_q0: 0.0,
  Y3s_q0: 0.0, Z0s_q0: 0.00020980733586708488, Z1s_q0: 0.0, Z2s_q0: 0.0, Z3s_q0: 0.0}
