{E0_q0: 0.7315438773945501, E0_q1: 0.7577818642214245, E1_q0: -0.7405200282879633,
  E1_q1: -0.6208594690364763, E2_q0: -0.6999999999080682, E2_q1: -0.7999999999998341,
  E3_q0: -0.6999999999993645, E3_q1: -0.8000000000000046, U00_q0: -4.487582756464434,
  U00_q1: -3.94749499269911, U10_q0: -2.941216956208524, U10_q1: 1.2451413068897104,
  U11_q0: 0.0011542347183399846, U11_q1: 8.29947225751766e-06, U20_q0: 2.5989470513257634e-13,
  U20_q1: -1.3562714331498295e-12, U21_q0: -3.1228567996524316e-16, U21_q1: -8.383455618576325e-16,
  U22_q0: -5.918600757921821e-15, U22_q1: -1.1009443260570549e-29, U30_q0: -9.699665517919036e-16,
  U30_q1: 1.8729623425632202e-29, U31_q0: 2.048732547391378e-15, U31_q1: -9.555217003540266e-32,
  U32_q0: -2.762388620803469e-16, U32_q1: -4.9974832297421885e-30, U33_q0: -3.4495885932740895e-15,
  U33_q1: -4.1830997051472953e-44, V00_q0: 0.5884397726031926, V00_q1: 0.4889933704390548,
  V10_q0: 0.2599098194861359, V10_q1: 0.26676179133764116, V11_q0: 0.015131271679417342,
  V11_q1: -0.005804973117042739, V20_q0: -4.0688375219033546e-08, V20_q1: -1.255372723339898e-07,
  V21_q0: 3.507143570530462e-09, V21_q1: 1.5690719757737278e-09, V22_q0: 1.91333367658566e-16,
  V22_q1: -4.468058190431978e-17, V30_q0: -1.9327356243389965e-16, V30_q1: -7.123063730383954e-17,
  V31_q0: 1.2973994102316342e-16, V31_q1: -1.4403164202516864e-19, V32_q0: 2.109863301635653e-16,
  V32_q1: 5.019318384718135e-19, V33_q0: 8.096322215349546e-18, V33_q1: 3.037181703627278e-17,
  Y0s_q0: -1.461063935379633, Y0s_q1: -1.46850797001201, Y1s_q0: -0.7094578876271731,
  Y1s_q1: -1.796247751922283, Y2s_q0: -1.500000000000046, Y2s_q1: -1.5000000000000315,
  Y3s_q0: -1.5000000000000016, Y3s_q1: -1.5000000000000004, Z0s_q0: 0.0002133174882248538,
  Z0s_q1: 0.00019841061946340415, Z1s_q0: -4.157914027896996e-05, Z1s_q1: -3.928288620619437e-05,
  Z2s_q0: -1.0538657703583016e-11, Z2s_q1: 6.413470545740314e-12, Z3s_q0: -1.2965130971439787e-20,
  Z3s_q1: -1.2767942068487734e-20}
