{E0_q0: 0.7117882279836636, E0_q1: 0.7395237998155854, E1_q0: -0.5673414325249869,
  E1_q1: -0.477466253951819, Z0s_q0: 0.00020091713341240702, Z0s_q1: 0.00018860480433786447,
  Z1s_q0: 0.0001610957878649294, Z1s_q1: -0.00015203773838741273}
