{E0_q0: 0.7361379768612726, E0_q1: 0.7411160676860302, E1_q0: -0.5779622842018343,
  E1_q1: -1.209060399710554, Z0s_q0: 0.00021027763485434282, Z0s_q1: 0.00019643934918920093,
  Z1s_q0: 8.486412198081093e-05, Z1s_q1: -8.71049944710841e-05}
