{E0_q0: 0.7375901184301825, E0_q1: 0.7491483796557415, E1_q0: -1.972151634140964,
  E1_q1: -1.9592351678752873, U00_q0: -4.585080720930075, U00_q1: -3.923089443830443,
  U10_q0: -6.323515945038141, U10_q1: -0.11360581966464015, U11_q0: -1.6425630106136941,
  U11_q1: 1.0259567880305402, V00_q0: 0.612095248509243, V00_q1: 0.564059622496057,
  V10_q0: -0.38075312056172295, V10_q1: -0.3689087959595901, V11_q0: -0.08947617877451103,
  V11_q1: 0.05814679652364528, Y0s_q0: -1.566493575766248, Y0s_q1: -1.574213537139717,
  Y1s_q0: -1.5526991624589987, Y1s_q1: -1.5120545441076085, Z0s_q0: 0.0002093061046888313,
  Z0s_q1: 0.00020222423145468775, Z1s_q0: 1.6362087451880837e-05, Z1s_q1: 1.5159381981958817e-05}
