{E0_q0: 0.7289761750919417, E0_q1: 0.7406930674727745, E1_q0: -1.078063934032399,
  E1_q1: -1.0858816290341924, U00_q0: -4.488333263044336, U00_q1: -4.11022358824026,
  U10_q0: 0.18823572469252417, U10_q1: -0.47199330069108436, U11_q0: -1.315993812198987,
  U11_q1: 2.279103108614208, V00_q0: 0.5751925562432735, V00_q1: 0.5297732146559513,
  V10_q0: -0.000229716961463625, V10_q1: 0.00027462217345622006, V11_q0: -0.3214054416828788,
  V11_q1: 0.3222794135352633, Y0s_q0: -1.6392806710571566, Y0s_q1: -1.6402365830404937,
  Y1s_q0: -1.4398027646776677, Y1s_q1: -1.5422965910172592, Z0s_q0: 0.00019489861740006176,
  Z0s_q1: 0.00018806529467708092, Z1s_q0: -0.00012233291822872443, Z1s_q1: 0.0001188076240446628}
