{E0_q0: 0.7473840451234117, E1_q0: -0.6999999999999997, E2_q0: -0.6999999999999995,
  E3_q0: -0.6999999999999994, V00_q0: 1.328013720337249, Y0s_q0: -1.7160781028389422,
  Y1s_q0: 0.0, Y2s_q0: 0.0, Y3s_q0: 0.0, Z0s_q0: 0.00021200994501848272, Z1s_q0: 0.0,
  Z2s_q0: 0.0, Z3s_q0: 0.0}
