{E0_q0: 0.7426582551852279, E0_q1: 0.7542599522706828, E1_q0: -0.8354845825260697,
  E1_q1: -0.3666008661235604, V00_q0: 0.6129283605174427, V00_q1: 0.5573820294837943,
  V10_q0: -0.17115907996242852, V10_q1: 0.03340113666492236, V11_q0: 0.016367023331961866,
  V11_q1: 0.022083604735556234, Z0s_q0: 0.00021075354037857491, Z0s_q1: 0.00020340239458827106,
  Z1s_q0: 1.5657399379855135e-05, Z1s_q1: -4.295358708044567e-05}
