{E0_q0: 0.7457440248628716, E0_q1: 0.7717903744948553, E1_q0: -1.3704569975447543,
  E1_q1: -1.239155382453401, U00_q0: -4.020699022374301, U00_q1: -3.4872081130197006,
  U10_q0: 0.01146016725414669, U10_q1: 0.0020538961186965608, U11_q0: 0.17722257082633713,
  U11_q1: -0.36466874679976324, V00_q0: 1.0764393139020627, V00_q1: 0.911686375552422,
  V10_q0: 0.00028112897182246946, V10_q1: 3.4497337609099706e-05, V11_q0: -0.34251555796946265,
  V11_q1: 0.42524503286931364, Y0s_q0: -1.5520254495969237, Y0s_q1: -1.5516869829837574,
  Y1s_q0: -0.31328014064065784, Y1s_q1: -0.4765145532626836, Z0s_q0: 0.00021573837642934696,
  Z0s_q1: 0.00020070099238597217, Z1s_q0: 6.13042560056669e-05, Z1s_q1: -5.857733523685529e-05}
