{E0_q0: 0.735956045478691, E0_q1: 0.747512090991489, E1_q0: -0.8581515535045754, E1_q1: -0.8682401798188449,
  Y0s_q0: -1.5949205983847925, Y0s_q1: -1.6030510501737374, Y1s_q0: -1.5120003331830727,
  Y1s_q1: -1.4538292434232043, Z0s_q0: 0.00020742922831764183, Z0s_q1: 0.00020026131918135357,
  Z1s_q0: 9.052637581660782e-05, Z1s_q1: 8.79478360916158e-05}
