{E0_q0: 0.7228860778222755, E0_q1: 0.7346667852877545, E1_q0: -1.1691747775585128,
  E1_q1: -1.1799993055455529, U00_q0: -4.788307339610825, U00_q1: -4.3318901698361145,
  U10_q0: 5.258990738828143, U10_q1: -0.3352878877585738, U11_q0: 0.22348571414710555,
  U11_q1: -1.9270884975204323, V00_q0: 0.5693542203802376, V00_q1: 0.5219592284252796,
  V10_q0: -0.014809287456648687, V10_q1: -0.015424672326125719, V11_q0: 0.1968589900505204,
  V11_q1: 0.1933687408916246, Y0s_q0: -1.6468281060609755, Y0s_q1: -1.653187362984869,
  Y1s_q0: -1.5024655589489966, Y1s_q1: -1.5245279694165328, Z0s_q0: 0.0001870922179172216,
  Z0s_q1: 0.000180440061871088, Z1s_q0: -0.00013661372793886774, Z1s_q1: -0.000132561705432454}
