{E0_q0: 0.7330293311551516, E0_q1: 0.7589084598372994, E1_q0: -0.7, E1_q1: -0.7999999999999997,
  E2_q0: -0.6999999999999996, E2_q1: -0.7999999999999999, V00_q0: 1.1027074560315961,
  V00_q1: 0.9070623429772218, V10_q0: 0.0, V10_q1: 0.0, V11_q0: 0.0, V11_q1: 0.0,
  V20_q0: 0.0, V20_q1: 0.0, V21_q0: 0.0, V21_q1: 0.0, V22_q0: 0.0, V22_q1: 0.0, Y0s_q0: -1.4620346601570753,
  Y0s_q1: -1.4686886031636557, Y1s_q0: 0.0, Y1s_q1: 0.0, Y2s_q0: 0.0, Y2s_q1: 0.0,
  Z0s_q0: 0.00021875984179065867, Z0s_q1: 0.00020320524615326325, Z1s_q0: 0.0, Z1s_q1: 0.0,
  Z2s_q0: 0.0, Z2s_q1: 0.0}
