{E0_q0: 0.7369508603310472, E0_q1: 0.7627772376904303, E1_q0: -1.8414597329006654,
  E1_q1: -0.8810084552868301, U00_q0: -4.2865659932278515, U00_q1: -3.840816517600562,
  U10_q0: 0.23374715124715764, U10_q1: -0.5189476074873943, U11_q0: -0.22193392248888302,
  U11_q1: -0.03485339689021274, V00_q0: 0.5692678712864977, V00_q1: 0.47552689499091205,
  V10_q0: 0.09852662058158103, V10_q1: 0.1124400420979082, V11_q0: -0.03638743385953362,
  V11_q1: 0.04669226411790965, Y0s_q0: -1.4698220160557174, Y0s_q1: -1.482774430148644,
  Y1s_q0: -1.4901026155311983, Y1s_q1: -1.4971639478770613, Z0s_q0: 0.00021402884110917965,
  Z0s_q1: 0.00019887464510538993, Z1s_q0: -8.567734931172491e-06, Z1s_q1: -2.9549146793233547e-06}
