{E0_q0: 0.7328051664968078, E0_q1: 0.758704420001361, E1_q0: -0.9601224649531406,
  E1_q1: -0.6720086838703144, E2_q0: -1.174984334901912, E2_q1: -0.7639588603528745,
  E3_q0: -0.7000000000024842, E3_q1: -0.8, U00_q0: -4.5039243708412195, U00_q1: -4.087666172994832,
  U10_q0: -0.41384942738064945, U10_q1: 1.936171740941599, U11_q0: -2.893560919999528e-05,
  U11_q1: 5.212054685305744e-05, U20_q0: 1.5015805636517927, U20_q1: -1.935302716574472,
  U21_q0: -0.00016043181734335947, U21_q1: -6.541146300350815e-05, U22_q0: -3.5492629329687646e-06,
  U22_q1: 4.617290575150141e-08, U30_q0: -3.117824851222389e-16, U30_q1: -5.615661051008727e-32,
  U31_q0: -1.3988821390156288e-15, U31_q1: 4.556727825735207e-35, U32_q0: -8.239496179053079e-16,
  U32_q1: 9.3007218823597e-37, U33_q0: -4.252308628504079e-18, U33_q1: 8.306268841887624e-52,
  V00_q0: 0.5754632682616869, V00_q1: 0.4768557522958772, V10_q0: -0.06570159225738077,
  V10_q1: -0.08616031540005666, V11_q0: -0.0037550159900381222, V11_q1: -0.004421056580372251,
  V20_q0: 0.15180707879722166, V20_q1: 0.17116648050668556, V21_q0: -0.004733374714957475,
  V21_q1: -0.0011675803299122762, V22_q0: -0.001299353765214342, V22_q1: 0.00010190963048742471,
  V30_q0: -2.514445319131712e-16, V30_q1: -1.6588231569105046e-17, V31_q0: 1.9970563922597083e-16,
  V31_q1: 2.3177270559777424e-17, V32_q0: 2.6824448026728163e-16, V32_q1: 9.646111503573306e-17,
  V33_q0: 2.0708293635026853e-16, V33_q1: 4.1919210903443185e-17, Y0s_q0: -1.451607744538328,
  Y0s_q1: -1.4641555894635672, Y1s_q0: -1.3477253189536604, Y1s_q1: -1.559492165362581,
  Y2s_q0: -1.609666693946789, Y2s_q1: -1.4948981065179352, Y3s_q0: -1.4999999999999998,
  Y3s_q1: -1.5000000000000004, Z0s_q0: 0.00021395311894032795, Z0s_q1: 0.00019881130957826216,
  Z1s_q0: 1.352585424512953e-05, Z1s_q1: -2.201180833214741e-05, Z2s_q0: 2.3478989149503416e-05,
  Z2s_q1: 2.9492054798218207e-06, Z3s_q0: 6.600408286313567e-21, Z3s_q1: -3.768166644698078e-21}
