{E0_q0: 0.7465151767649035, E0_q1: 0.7726658516936644, E1_q0: -1.5396072718930638,
  E1_q1: -1.3760609524426373, U00_q0: -4.096520030674903, U00_q1: -3.5283027096763147,
  U10_q0: 0.01660021280244908, U10_q1: 0.3653441026031727, U11_q0: -0.06887689363605916,
  U11_q1: 0.08461796529449785, V00_q0: 1.0312644809423266, V00_q1: 0.8710066973735613,
  V10_q0: -0.0005040476185458389, V10_q1: -0.005811022534287849, V11_q0: 0.0945436212630383,
  V11_q1: -0.0913421204775759, Y0s_q0: -1.5754059363425044, Y0s_q1: -1.573261325480549,
  Y1s_q0: -0.27456127330203917, Y1s_q1: -0.3123819210588135, Z0s_q0: 0.00021485057924615169,
  Z0s_q1: 0.00019998763572468616, Z1s_q0: -5.947928550943849e-05, Z1s_q1: 5.5581415355182914e-05}
