{E0_q0: 0.7282522256908239, E0_q1: 0.7519612235069876, E1_q0: -0.7, E1_q1: -0.8, E2_q0: -0.7,
  E2_q1: -0.8, Z0s_q0: 0.0002146973128962462, Z0s_q1: 0.00019858823157236765, Z1s_q0: 0.0,
  Z1s_q1: 0.0, Z2s_q0: 0.0, Z2s_q1: 0.0}
