{E0_q0: 0.7399555292004253, E0_q1: 0.7656909550899699, E1_q0: -2.076449562317873,
  E1_q1: -0.867803711419268, U00_q0: -4.338375335307629, U00_q1: -3.9081737135226375,
  U10_q0: -0.011680987066412764, U10_q1: 0.4010000939126907, U11_q0: 0.04505030931419423,
  U11_q1: -0.037988268688557036, V00_q0: 0.5758466627822714, V00_q1: 0.47948822334578345,
  V10_q0: 0.09759392926305163, V10_q1: 0.10586910183940235, V11_q0: 0.13094241733026726,
  V11_q1: -0.0007621119045198812, Y0s_q0: -1.4757860861607774, Y0s_q1: -1.485886349094948,
  Y1s_q0: -1.4912084231296663, Y1s_q1: -1.4975125209727427, Z0s_q0: 0.00021557839766487988,
  Z0s_q1: 0.00020033700012053797, Z1s_q0: -9.179240543138278e-06, Z1s_q1: -2.3761407913083965e-06}
