{E0_q0: 0.7417054816035134, E0_q1: 0.7673728725570645, E1_q0: -1.8986495669302288,
  E1_q1: -0.8700605313833694, U00_q0: -4.248074461400442, U00_q1: -3.823541231236446,
  U10_q0: 0.19192370903625436, U10_q1: 0.7172481699917022, U11_q0: 0.005273017996176645,
  U11_q1: -0.035060121797217986, V00_q0: 0.5599144163136931, V00_q1: 0.46821466275405005,
  V10_q0: 0.09473984900951056, V10_q1: 0.1079985046503031, V11_q0: -0.021579501212684312,
  V11_q1: 0.02125150574347298, Y0s_q0: -1.4874008156060088, Y0s_q1: -1.4991798738322946,
  Y1s_q0: -1.470694859757304, Y1s_q1: -1.5004280062656257, Z0s_q0: 0.00021654968971566895,
  Z0s_q1: 0.00020113338902846546, Z1s_q0: -8.74723939344701e-06, Z1s_q1: -2.7637551796081e-06}
