{E0_q0: 0.7467392341046004, E0_q1: 0.7581257474097406, E1_q0: -0.7000000000000005,
  E1_q1: -0.8, V00_q0: 1.2783883703080945, V00_q1: 1.1721579006284708, V10_q0: 0.0,
  V10_q1: 0.0, V11_q0: 0.0, V11_q1: 0.0, Y0s_q0: -1.631776387891051, Y0s_q1: -1.6398088113676044,
  Y1s_q0: -9.702383589636054e-17, Y1s_q1: 4.95902085695903e-16, Z0s_q0: 0.00021255121645835518,
  Z0s_q1: 0.00020511838939985092, Z1s_q0: 0.0, Z1s_q1: 0.0}
