{E0_q0: 0.7441913594891438, E0_q1: 0.7556146199784519, E1_q0: -1.481478786390268,
  E1_q1: -2.387120477437867, U00_q0: -4.841707496809947, U00_q1: -4.517730516660731,
  U10_q0: 0.19378590736649978, U10_q1: -0.6196118429579458, U11_q0: -7.335004907198773e-07,
  U11_q1: -0.0013666385393988566, V00_q0: 0.5670918087034255, V00_q1: 0.5182361930211599,
  V10_q0: 0.3005608779420899, V10_q1: 0.3104179427887196, V11_q0: -0.0025506412835115465,
  V11_q1: 0.0044573085089779875, Y0s_q0: -1.5808134699959115, Y0s_q1: -1.5853788780018117,
  Y1s_q0: -1.4931857909669013, Y1s_q1: -1.5150225081883686, Z0s_q0: 0.00020928877930316976,
  Z0s_q1: 0.00020213941458007082, Z1s_q0: 4.7101582245689325e-07, Z1s_q1: 1.1447146694692884e-06}
