{E0_q0: 0.727041162791107, E0_q1: 0.7575512982955793, E1_q0: -0.7, E1_q1: -0.8, E2_q0: -0.7,
  E2_q1: -0.8, Z0s_q0: 0.0002146657339589006, Z0s_q1: 0.00020357315471234753, Z1s_q0: 0.0,
  Z1s_q1: 0.0, Z2s_q0: 0.0, Z2s_q1: 0.0}
