{E0_q0: 0.7134371568277234, E0_q1: 0.7379230712971135, E1_q0: -2.271713430729396,
  E1_q1: -1.87370162230991, E2_q0: -0.6410067951382766, E2_q1: -0.8403182408272851,
  U00_q0: -4.615635377346756, U00_q1: -4.958201160140059, U10_q0: 0.14653259922920991,
  U10_q1: -1.1429800209001761, U11_q0: -1.6082302021876222, U11_q1: 3.5452044879724784,
  U20_q0: -2.137007624389468, U20_q1: 0.08958779845452343, U21_q0: 1.3234356619211225,
  U21_q1: 0.11869546061141956, U22_q0: -2.854955788866099e-05, U22_q1: 0.0007235469130561589,
  V00_q0: 1.0492013593948115, V00_q1: 0.8622974218299312, V10_q0: -0.07297530268146298,
  V10_q1: -0.1799823257886005, V11_q0: 0.7746686749162218, V11_q1: 1.4854163244180119,
  V20_q0: -0.22474755956580525, V20_q1: 0.1416310971899609, V21_q0: 1.2045453834419693,
  V21_q1: 0.09005096689160645, V22_q0: 0.00036395969997859556, V22_q1: 0.01474353177944574,
  Y0s_q0: -1.7072334375222165, Y0s_q1: -1.629678764168909, Y1s_q0: 0.4110333743987286,
  Y1s_q1: -0.2959605521112378, Y2s_q0: -0.04128314995017936, Y2s_q1: -0.030269477047708097,
  Z0s_q0: 0.0001978415360228109, Z0s_q1: 0.000182888503664857, Z1s_q0: 9.461080655991367e-05,
  Z1s_q1: 0.0001020374747596184, Z2s_q0: 7.665085424583098e-05, Z2s_q1: 2.4026635428315766e-05}
