{E0_q0: 0.7238940933515272, E0_q1: 0.732846518537067, E1_q0: -0.57055948735881, E1_q1: -0.9839810080705172,
  V00_q0: 1.2468180231570432, V00_q1: 1.136583207003015, V10_q0: -0.13558592774695166,
  V10_q1: -0.02979246272371707, V11_q0: 0.0005790448911283222, V11_q1: 0.006958269298995118,
  Z0s_q0: 0.0002011924710331459, Z0s_q1: 0.00019237995503259756, Z1s_q0: 2.358634825153592e-05,
  Z1s_q1: -3.57284828179631e-05}
