{E0_q0: 0.7438165446613652, E0_q1: 0.756031448718584, E1_q0: -0.7898664525496644,
  E1_q1: -0.051895596591789245, V00_q0: 0.6171323503649901, V00_q1: 0.5609078578922407,
  V10_q0: -0.14710130190660775, V10_q1: 0.15902033412983974, V11_q0: 0.0079296499988078,
  V11_q1: 0.0017775301445034132, Z0s_q0: 0.00021166035837040723, Z0s_q1: 0.00020475847980648416,
  Z1s_q0: 1.2891574356573965e-05, Z1s_q1: -9.237832135528076e-06}
