{E0_q0: 0.743700141758953, E0_q1: 0.7560388350217196, E1_q0: -0.06440529864108982,
  E1_q1: 0.3673873173068773, V00_q0: 0.6153363991170147, V00_q1: 0.5622136947736178,
  V10_q0: -0.07559124342880828, V10_q1: 0.23561475081816094, V11_q0: 0.0014817386072395126,
  V11_q1: 0.00038340862040286153, Z0s_q0: 0.0002113024470232998, Z0s_q1: 0.00020446348942823893,
  Z1s_q0: 2.7917117625083082e-05, Z1s_q1: -1.669241361510567e-05}
