{E0_q0: 0.7486088137057555, E0_q1: 0.7739335856207692, E1_q0: -0.7565587762746099,
  E1_q1: -3.3622217123980196, U00_q0: -4.313723660200458, U00_q1: -3.8320130565075416,
  U10_q0: 0.10323019551364475, U10_q1: 0.5952080174813531, U11_q0: 1.2992765733320566e-11,
  U11_q1: -4.4915529269830904e-05, V00_q0: 1.0427200389210338, V00_q1: 0.8605606677075205,
  V10_q0: -0.5702772422871837, V10_q1: 0.5599205510981841, V11_q0: -6.601117918471834e-06,
  V11_q1: -0.009023917857071382, Y0s_q0: -1.4956820235054962, Y0s_q1: -1.5041472396736177,
  Y1s_q0: 0.0160345762466127, Y1s_q1: 0.06355951603858706, Z0s_q0: 0.00021629159684271598,
  Z0s_q1: 0.0002006873830786236, Z1s_q0: -6.23836919266792e-08, Z1s_q1: 6.385200181819439e-06}
