{E0_q0: 0.7516705597504426, E0_q1: 0.7629859731777896, E1_q0: -0.7000000000000001,
  E1_q1: -0.7999999999999998, V00_q0: 1.1430584465667977, V00_q1: 1.0625466006027537,
  V10_q0: 0.0, V10_q1: 0.0, V11_q0: 0.0, V11_q1: 0.0, Y0s_q0: -1.6302981784846404,
  Y0s_q1: -1.6374677670895608, Y1s_q0: 1.89514799819754e-16, Y1s_q1: 2.978224926003983e-16,
  Z0s_q0: 0.00020797518717265135, Z0s_q1: 0.00020073015636837483, Z1s_q0: 0.0, Z1s_q1: 0.0}
