{E0_q0: 0.7355657919376519, E0_q1: 0.7598199592165328, E1_q0: -0.7131177050201288,
  E1_q1: -1.2140101924280686, U00_q0: -4.341486593813171, U00_q1: -3.908857320062578,
  U10_q0: -0.10194647867772302, U10_q1: 0.46604559501047405, U11_q0: -2.723250441774675e-07,
  U11_q1: -0.0003641432364500177, V00_q0: 0.5804427818053469, V00_q1: 0.4839013441422238,
  V10_q0: -0.07023410864857134, V10_q1: -0.030034918203210744, V11_q0: -0.00034287751004107465,
  V11_q1: -0.004993433027376252, Y0s_q0: -1.45136992076762, Y0s_q1: -1.4628340822226158,
  Y1s_q0: -1.4680499760770187, Y1s_q1: -1.2049925368550356, Z0s_q0: 0.00021489747283073214,
  Z0s_q1: 0.0001981006958447291, Z1s_q0: 5.8266868553199226e-06, Z1s_q1: -3.9142032509900844e-05}
