{E0_q0: 0.7509594681255569, E0_q1: 0.762287565642571, E1_q0: -0.6999999999999997,
  E1_q1: -0.7999999999999998, V00_q0: 0.9718707677344595, V00_q1: 0.8870040461378227,
  V10_q0: 0.0, V10_q1: 0.0, V11_q0: 0.0, V11_q1: 0.0, Y0s_q0: -1.6955861020189973,
  Y0s_q1: -1.7029596390305848, Y1s_q0: 3.283765865570581e-16, Y1s_q1: -2.681608749729626e-16,
  Z0s_q0: 0.00020154827833366773, Z0s_q1: 0.00019430780160687602, Z1s_q0: 0.0, Z1s_q1: 0.0}
