{E0_q0: 0.7367407116916445, E0_q1: 0.748283519345116, E1_q0: -0.7, E1_q1: -0.8000000000000004,
  Y0s_q0: -1.7243109064880386, Y0s_q1: -1.7422030544922913, Y1s_q0: 0.0, Y1s_q1: 6.057087533953723e-17,
  Z0s_q0: 0.00020372000888739164, Z0s_q1: 0.00019623073108078533, Z1s_q0: 0.0, Z1s_q1: 0.0}
