{E0_q0: 0.7305489335235019, E0_q1: 0.7553419176179625, E1_q0: -0.8668320564530836,
  E1_q1: -1.0615863389876565, E2_q0: -1.2460523008486204, E2_q1: -0.8619856659964189,
  E3_q0: -0.993782573329598, E3_q1: -0.8000251307069643, U00_q0: -4.586707260613544,
  U00_q1: -4.180930488668971, U10_q0: -1.189153362794545, U10_q1: 1.6679737604025289,
  U11_q0: 0.0037702098543142, U11_q1: 0.007469060387000303, U20_q0: 2.550209057716351,
  U20_q1: -0.7602498813795731, U21_q0: 0.006826051967809724, U21_q1: 0.006791265119258755,
  U22_q0: 0.00039370151259817077, U22_q1: 6.516104020372238e-07, U30_q0: -1.0651231018753655,
  U30_q1: -0.1149538447502852, U31_q0: 0.0007293752970819858, U31_q1: 0.0005695653448885436,
  U32_q0: 0.00011475871664400926, U32_q1: 9.210819914499006e-07, U33_q0: 1.0317559373820347e-06,
  U33_q1: -9.699271421039973e-13, V00_q0: 0.5817094208994555, V00_q1: 0.47725007550017007,
  V10_q0: -0.1478295233705822, V10_q1: -0.07064011750900445, V11_q0: 0.04026367991499015,
  V11_q1: 0.051204325504377764, V20_q0: 0.2589038183763982, V20_q1: 0.09751242839895453,
  V21_q0: 0.04812796674970269, V21_q1: 0.030535223813050637, V22_q0: 0.012954456176534361,
  V22_q1: 0.0017095682477251978, V30_q0: 0.21627717189755263, V30_q1: -0.05086813423114788,
  V31_q0: -0.011080780963271936, V31_q1: -0.005408844201007235, V32_q0: -0.005667860797799796,
  V32_q1: -0.000389884401977642, V33_q0: 0.0006771775216081408, V33_q1: 1.0888470912181818e-06,
  Y0s_q0: -1.4540658115747855, Y0s_q1: -1.4734206241879357, Y1s_q0: 0.37864429956712564,
  Y1s_q1: -0.07890650791700418, Y2s_q0: -0.5170485124218148, Y2s_q1: -0.021301637201349262,
  Y3s_q0: 0.13478412259921263, Y3s_q1: -4.707278071490006e-05, Z0s_q0: 0.00021259597369100428,
  Z0s_q1: 0.0001963360498557791, Z1s_q0: 2.8223533075417495e-05, Z1s_q1: -4.718717798021085e-05,
  Z2s_q0: 4.404924627083976e-05, Z2s_q1: -1.1844573027593656e-05, Z3s_q0: -4.0133980514054115e-05,
  Z3s_q1: 1.8764423373454536e-07}
