{E0_q0: 0.7366089958815659, E0_q1: 0.7621533521863426, E1_q0: -0.20117526393781437,
  E1_q1: -1.9591724415414304, U00_q0: -4.431350089527328, U00_q1: -3.9715787348728195,
  U10_q0: 0.1260956564370516, U10_q1: -1.3872410997385483, U11_q0: 0.005019291288554793,
  U11_q1: 0.027137827962313163, V00_q0: 0.5605187143123659, V00_q1: 0.47996206360006494,
  V10_q0: -0.22989853558339904, V10_q1: -0.23054439990963047, V11_q0: 0.06073431133229717,
  V11_q1: -0.10623430421016106, Y0s_q0: -1.4803257043055635, Y0s_q1: -1.4883214495921073,
  Y1s_q0: -1.452028880599256, Y1s_q1: -1.5185567657526515, Z0s_q0: 0.000215156484270048,
  Z0s_q1: 0.00019915038250593113, Z1s_q0: 5.227903926822464e-05, Z1s_q1: 2.1970798758180683e-05}
