{E0_q0: 0.7351032237069831, E0_q1: 0.7609135155000963, E1_q0: -0.6999999999999998,
  E1_q1: -0.7999999999999999, E2_q0: -0.6999999999999998, E2_q1: -0.7999999999999998,
  V00_q0: 1.1752924158516258, V00_q1: 0.9765723074122187, V10_q0: 0.0, V10_q1: 0.0,
  V11_q0: 0.0, V11_q1: 0.0, V20_q0: 0.0, V20_q1: 0.0, V21_q0: 0.0, V21_q1: 0.0, V22_q0: 0.0,
  V22_q1: 0.0, Y0s_q0: -1.4711458656801135, Y0s_q1: -1.477696731154679, Y1s_q0: 0.0,
  Y1s_q1: 0.0, Y2s_q0: 0.0, Y2s_q1: 0.0, Z0s_q0: 0.00021669651197457312, Z0s_q1: 0.0002012393738086419,
  Z1s_q0: 0.0, Z1s_q1: 0.0, Z2s_q0: 0.0, Z2s_q1: 0.0}
