{E0_q0: 0.7402005982172676, E1_q0: -0.6999999999999998, E2_q0: -0.6999999999999992,
  E3_q0: -0.6999999999999998, V00_q0: 1.3369457163365122, Y0s_q0: -1.6462921156812067,
  Y1s_q0: 0.0, Y2s_q0: 0.0, Y3s_q0: 0.0, Z0s_q0: 0.0002067979518591265, Z1s_q0: 0.0,
  Z2s_q0: 0.0, Z3s_q0: 0.0}
