{E0_q0: 0.7286904843604142, E0_q1: 0.7552567414387126, E1_q0: -1.9031552040824409,
  E1_q1: -1.9220226794945998, U00_q0: -4.3284110425901465, U00_q1: -5.131114302403775,
  U10_q0: 0.0586074849154811, U10_q1: 0.24507667497755592, U11_q0: -2.4040466131673095,
  U11_q1: 4.987339541305261, V00_q0: 0.9901051041788246, V00_q1: 0.8071448217125986,
  V10_q0: 0.0010571627660065914, V10_q1: 0.0026986822477083716, V11_q0: 1.1678450822052266,
  V11_q1: -1.257435553701729, Y0s_q0: -1.6743499760610385, Y0s_q1: -1.7075363897279268,
  Y1s_q0: -1.0896650331515274, Y1s_q1: -1.050663763901897, Z0s_q0: 0.00018579027404662442,
  Z0s_q1: 0.0001719094208596097, Z1s_q0: 0.0001299193489016954, Z1s_q1: -0.00012193456841153431}
