{E0_q0: 0.7269553843828458, E0_q1: 0.7517923194614309, E1_q0: -0.6175172579996037,
  E1_q1: -0.7037011239501443, E2_q0: -0.887668634114678, E2_q1: -0.8908856975909014,
  E3_q0: -0.7, E3_q1: -0.8000000000000004, U00_q0: -4.4603772659352146, U00_q1: -4.061484585266695,
  U10_q0: -0.12041283227966411, U10_q1: 1.7689381844064154, U11_q0: -0.028992286880300255,
  U11_q1: -0.14065081940335197, U20_q0: 0.4162625762843355, U20_q1: -1.3887954570576175,
  U21_q0: -0.002348267370001652, U21_q1: -0.002584084843212146, U22_q0: -2.6553740292250383e-07,
  U22_q1: -6.469521047991629e-07, U30_q0: -1.409488608433608e-16, U30_q1: 3.6979490099687685e-11,
  U31_q0: -8.333841584686375e-16, U31_q1: 3.6979490099687685e-11, U32_q0: 1.3242233527427982e-18,
  U32_q1: 3.6979490099687685e-11, U33_q0: -1.3939296690070907e-16, U33_q1: 1.8165887025435384e-62,
  V00_q0: 0.578133838817176, V00_q1: 0.47913868381988567, V10_q0: -0.0018492085273872755,
  V10_q1: -0.031975353997863956, V11_q0: -0.06585776754445181, V11_q1: -0.10608559954770298,
  V20_q0: 0.03823991536323389, V20_q1: 0.22434895528785223, V21_q0: -0.011716455280667226,
  V21_q1: -0.010746439887341513, V22_q0: -0.00017194061864465637, V22_q1: -0.00018929821283711733,
  V30_q0: 1.7829103948739722e-16, V30_q1: -8.1050903664983e-20, V31_q0: -1.1030872917034082e-17,
  V31_q1: -1.404031661976916e-19, V32_q0: -2.661982726763366e-16, V32_q1: -4.1883696152744937e-22,
  V33_q0: -8.331556690231823e-18, V33_q1: -2.4736423708029643e-23, Y0s_q0: -1.4653550299678442,
  Y0s_q1: -1.4757689736551285, Y1s_q0: -1.8065749255721957, Y1s_q1: -1.8215642255697078,
  Y2s_q0: -0.09957767731449318, Y2s_q1: -0.04667559318053901, Y3s_q0: -1.4699171216021679e-16,
  Y3s_q1: -2.0556410294382752e-16, Z0s_q0: 0.00020772167374601393, Z0s_q1: 0.00019176261170498958,
  Z1s_q0: 0.0001395340285431366, Z1s_q1: -0.0001278187924909272, Z2s_q0: 3.7821934479889367e-05,
  Z2s_q1: -2.5284329318158586e-05, Z3s_q0: 3.210502551085829e-21, Z3s_q1: 4.154957317825229e-24}
