{E0_q0: 0.7370577181535812, E0_q1: 0.7486455507166933, E1_q0: -1.809109351484273,
  E1_q1: -1.794140749046727, U00_q0: -4.460674666894795, U00_q1: -3.8368098546283034,
  U10_q0: -5.701342409034165, U10_q1: 2.153347011413727, U11_q0: 0.401327588869463,
  U11_q1: -1.1215829887744801, V00_q0: 0.5856535867312067, V00_q1: 0.540647259001951,
  V10_q0: 0.21738781547124617, V10_q1: 0.2159512329619856, V11_q0: -0.20766712619323838,
  V11_q1: -0.1414514893646103, Y0s_q0: -1.5790602607670365, Y0s_q1: -1.5895887371722646,
  Y1s_q0: -1.4870398782495344, Y1s_q1: -1.495044023970884, Z0s_q0: 0.00020828827863332206,
  Z0s_q1: 0.0002012163944183436, Z1s_q0: -2.0549524257498547e-05, Z1s_q1: -1.905200622573847e-05}
