{E0_q0: 0.7436748541735645, E0_q1: 0.755108455051276, E1_q0: -0.7000000000000002,
  E1_q1: -0.7999999999999997, Y0s_q0: -1.6597637826119844, Y0s_q1: -1.6756702775518564,
  Y1s_q0: 1.0394988424917055e-16, Y1s_q1: 0.0, Z0s_q0: 0.0002088663061701341, Z0s_q1: 0.00020144044502741135,
  Z1s_q0: 0.0, Z1s_q1: 0.0}
