{E0_q0: 0.7436138318126393, E0_q1: 0.7692125815529719, E1_q0: -1.8924842230081222,
  E1_q1: -0.7910925042942502, U00_q0: -4.177047117247524, U00_q1: -3.74237423204497,
  U10_q0: -0.5749468331614934, U10_q1: 0.41922798337245243, U11_q0: 0.08476722603803108,
  U11_q1: -0.020992328341226336, V00_q0: 0.5510014471018594, V00_q1: 0.46225805470802556,
  V10_q0: -0.0932101930081343, V10_q1: -0.10616323262628813, V11_q0: -0.027615405751067815,
  V11_q1: 0.04595578291742066, Y0s_q0: -1.4838498759440324, Y0s_q1: -1.4950316896008609,
  Y1s_q0: -1.5022525965384999, Y1s_q1: -1.4980223846510927, Z0s_q0: 0.0002176878146050197,
  Z0s_q1: 0.00020223054649816448, Z1s_q0: 8.542778235441466e-06, Z1s_q1: 2.6495044996541162e-06}
