{E0_q0: 0.7418617625293906, E0_q1: 0.7519690345750777, E1_q0: -0.019363682271268275,
  E1_q1: -0.34479165908171316, V00_q0: 1.2427310581633413, V00_q1: 1.1368732314694954,
  V10_q0: -0.025883035384610686, V10_q1: 0.0076068490945858215, V11_q0: 0.03189290116299446,
  V11_q1: -0.05622008619464827, Z0s_q0: 0.00020607611702906455, Z0s_q1: 0.00019771742772803824,
  Z1s_q0: 0.0001279327359867316, Z1s_q1: -9.88577257692357e-05}
