{E0_q0: 0.7348848713887625, E0_q1: 0.7602587921173424, E1_q0: -0.3464118725268808,
  E1_q1: -1.4496405007368585, E2_q0: -1.0369112707533756, E2_q1: -1.3415549731645589,
  E3_q0: -0.6999999999787982, E3_q1: -0.8000000000000053, U00_q0: -4.316121052190889,
  U00_q1: -3.9916948268169152, U10_q0: -3.0789223075522485, U10_q1: 2.3256488722359134,
  U11_q0: 0.001360749670477479, U11_q1: -0.013828715728446205, U20_q0: 0.9355685366898997,
  U20_q1: -2.134111731640276, U21_q0: 4.7248214339174446e-05, U21_q1: -0.003939978223136573,
  U22_q0: 1.6245314304199742e-07, U22_q1: -3.136524608358011e-05, U30_q0: -1.3796492508263263e-15,
  U30_q1: -5.973835788458929e-32, U31_q0: -8.719139760078196e-16, U31_q1: -3.6374025835921975e-34,
  U32_q0: -1.4218027544852523e-15, U32_q1: 2.384491035618129e-34, U33_q0: -7.810062328926895e-15,
  U33_q1: -7.985398516623873e-52, V00_q0: 0.5717694128002289, V00_q1: 0.4744569535953552,
  V10_q0: 0.13572995987528338, V10_q1: 0.15515459257991424, V11_q0: -0.032242236632893655,
  V11_q1: -0.04194162972584954, V20_q0: -0.1759618920507512, V20_q1: -0.21556960194842942,
  V21_q0: -0.006642074177250473, V21_q1: -0.027114309534300964, V22_q0: -0.00035179909567612666,
  V22_q1: -0.0019855276154137247, V30_q0: -1.6402737863671418e-16, V30_q1: 1.1874258922975925e-16,
  V31_q0: -2.1083490460439094e-16, V31_q1: -8.972736934846497e-17, V32_q0: 3.0763246652364964e-17,
  V32_q1: -7.658437415189785e-17, V33_q0: -8.954334114367163e-17, V33_q1: 4.4065113080249005e-17,
  Y0s_q0: -1.4629713317950543, Y0s_q1: -1.472746121994879, Y1s_q0: -1.2854920245811763,
  Y1s_q1: -1.3758435081937788, Y2s_q0: -1.544168004065057, Y2s_q1: -1.6690203971780015,
  Y3s_q0: -1.5000000000000009, Y3s_q1: -1.5000000000000002, Z0s_q0: 0.00021392613257977737,
  Z0s_q1: 0.0001982129913894735, Z1s_q0: -3.874211402804172e-05, Z1s_q1: 1.956066059789851e-05,
  Z2s_q0: -1.5517973963994434e-05, Z2s_q1: 2.0731464028284342e-05, Z3s_q0: -3.1837566408235563e-21,
  Z3s_q1: 1.1874701512830813e-21}
