{E0_q0: 0.7280785950142492, E0_q1: 0.7541241389607786, E1_q0: -0.7, E1_q1: -0.8000000000000002,
  E2_q0: -0.7, E2_q1: -0.8, Y0s_q0: -1.447651056413353, Y0s_q1: -1.4575110459973848,
  Y1s_q0: 0.0, Y1s_q1: 0.0, Y2s_q0: 0.0, Y2s_q1: 0.0, Z0s_q0: 0.0002137717561808076,
  Z0s_q1: 0.00019862384627901506, Z1s_q0: 0.0, Z1s_q1: 0.0, Z2s_q0: 0.0, Z2s_q1: 0.0}
