{E0_q0: 0.7296069011842393, E0_q1: 0.7412584513732823, E1_q0: 0.5480940053057514,
  E1_q1: -3.240683915672807, U00_q0: -4.817460080972823, U00_q1: -4.509992947233587,
  U10_q0: -0.7743483856956498, U10_q1: -0.5703669339143578, U11_q0: 5.86041616953227e-07,
  U11_q1: 2.2185951474540193e-05, V00_q0: 0.2902906614675206, V00_q1: 0.26547935091818997,
  V10_q0: -0.0028488344588594693, V10_q1: -0.14020021819495793, V11_q0: -0.0010644511987373364,
  V11_q1: -0.0025756134403759723, Y0s_q0: -1.5545805603352272, Y0s_q1: -1.5630150660817912,
  Y1s_q0: -1.5077870486593365, Y1s_q1: -1.501111447418597, Z0s_q0: 0.00020013218189910816,
  Z0s_q1: 0.0001933209662465178, Z1s_q0: 1.5484228435911388e-05, Z1s_q1: -4.444058441777402e-07}
