{E0_q0: 0.7326370653024756, E0_q1: 0.7442374782800294, E1_q0: -0.918375799861148,
  E1_q1: -0.9293537864524858, V00_q0: 0.6288340340786647, V00_q1: 0.5798114165997353,
  V10_q0: -0.01732233880895593, V10_q1: -0.010512432204125831, V11_q0: 0.3562995033613601,
  V11_q1: -0.27161665384621536, Y0s_q0: -1.5858963295578667, Y0s_q1: -1.595505290541071,
  Y1s_q0: -1.4610323922900685, Y1s_q1: -1.3947433287688695, Z0s_q0: 0.00020292807386537191,
  Z0s_q1: 0.00019592237911912676, Z1s_q0: 9.917923680720707e-05, Z1s_q1: 9.64354369209982e-05}
