{E0_q0: 0.7320257638355997, E0_q1: 0.7579332577385595, E1_q0: -0.6999999999999998,
  E1_q1: -0.7999999999999997, E2_q0: -0.7, E2_q1: -0.8, Y0s_q0: -1.4447330219077488,
  Y0s_q1: -1.4536798811993472, Y1s_q0: 0.0, Y1s_q1: 0.0, Y2s_q0: 0.0, Y2s_q1: 0.0,
  Z0s_q0: 0.00021428812180564007, Z0s_q1: 0.0001991645927022156, Z1s_q0: 0.0, Z1s_q1: 0.0,
  Z2s_q0: 0.0, Z2s_q1: 0.0}
