{E0_q0: 0.7510347018451182, E0_q1: 0.777342262410243, E1_q0: -1.94761496186688, E1_q1: -1.7591932952830351,
  U00_q0: -4.165638643696172, U00_q1: -3.6454482648116935, U10_q0: 0.07604513057827403,
  U10_q1: -1.5943659922259907, U11_q0: -0.24104917782416618, U11_q1: 0.4143967949032648,
  V00_q0: 1.0347016184026134, V00_q1: 0.8695190426183743, V10_q0: 0.001084522038577072,
  V10_q1: 0.013600855567240224, V11_q0: 0.18630703739694754, V11_q1: -0.14729238738123576,
  Y0s_q0: -1.624103624632644, Y0s_q1: -1.5858377122222633, Y1s_q0: 0.05120454693642688,
  Y1s_q1: -0.3582512221712978, Z0s_q0: 0.00020864624838201412, Z0s_q1: 0.00019490200236589437,
  Z1s_q0: 6.214307726289418e-05, Z1s_q1: -5.475248899841174e-05}
