{E0_q0: 0.7478092307955347, E0_q1: 0.7742513657499182, E1_q0: -2.167736283192065,
  E1_q1: -2.0214650488664647, U00_q0: -4.374362368265232, U00_q1: -3.8572407734774976,
  U10_q0: 0.03888862943696917, U10_q1: -0.23098634531518764, U11_q0: -0.20223414419957264,
  U11_q1: 0.0782860560473274, V00_q0: 1.0947009617330083, V00_q1: 0.9115782015534849,
  V10_q0: 0.0016609267411815517, V10_q1: 0.013892956670967675, V11_q0: 0.07841495809457327,
  V11_q1: -0.02487008954755921, Y0s_q0: -1.6499323704776723, Y0s_q1: -1.5922163120993205,
  Y1s_q0: 0.39922881758053996, Y1s_q1: -0.43526183549480724, Z0s_q0: 0.0002079383859465249,
  Z0s_q1: 0.00019433800512664735, Z1s_q0: 6.29336494116021e-05, Z1s_q1: -5.4442996377082334e-05}
