{E0_q0: 0.7374842099387419, E0_q1: 0.7490113917084791, E1_q0: -0.7755782579188261,
  E1_q1: -0.7860523562507254, Y0s_q0: -1.587859234997219, Y0s_q1: -1.5963968232568555,
  Y1s_q0: -1.4835809626577923, Y1s_q1: -1.4045678591240074, Z0s_q0: 0.00020829783700074354,
  Z0s_q1: 0.00020112472409547513, Z1s_q0: -8.588343079545446e-05, Z1s_q1: 8.34935375034557e-05}
