{E0_q0: 0.7257015267824451, E0_q1: 0.7554118598066056, E1_q0: -2.837810723295686,
  E1_q1: -1.970750937045073, E2_q0: -0.7652154302429798, E2_q1: -1.0301809473017738,
  U00_q0: -6.425637628817656, U00_q1: -5.256653154017021, U10_q0: 0.5222379082844639,
  U10_q1: 1.6273739743425044, U11_q0: 0.3833227395730732, U11_q1: 1.1647738610356422,
  U20_q0: -0.9448243268209362, U20_q1: 0.8502176304167177, U21_q0: -3.0981542852510513,
  U21_q1: -1.7785809611937335, U22_q0: -0.008980314727307658, U22_q1: -0.0166881542947634,
  V00_q0: 0.79535959728648, V00_q1: 0.7478213121702925, V10_q0: 0.741422199388794,
  V10_q1: 0.5715159349552397, V11_q0: -0.31466730428513284, V11_q1: 1.16843715927784,
  V20_q0: 0.00793305636119358, V20_q1: 0.03379081798824321, V21_q0: 0.12070244718097493,
  V21_q1: -0.33803384369749684, V22_q0: 0.049272538476394956, V22_q1: 0.08149581030732535,
  Y0s_q0: -1.4831583251054647, Y0s_q1: -1.528420221557686, Y1s_q0: -1.6984011812440771,
  Y1s_q1: 0.27273483026333034, Y2s_q0: -1.7620459563509732, Y2s_q1: -1.867578925197099,
  Z0s_q0: 0.00019032121990866514, Z0s_q1: 0.0001863118051275754, Z1s_q0: 7.187942281571775e-05,
  Z1s_q1: 2.5037501080237278e-05, Z2s_q0: -0.00014553771870755826, Z2s_q1: 0.00013455793333626764}
