{E0_q0: 0.3669774964829183, E0_q1: 0.3851413080409276, E1_q0: -0.6695314185376328,
  E1_q1: -3.3400580095289665, V00_q0: -3.6945081530106343, V00_q1: 3.7181901580656005,
  V10_q0: 0.45338744561137784, V10_q1: 0.4286638438951823, V11_q0: 0.0631075511037437,
  V11_q1: 0.11889257585802356, Y0s_q0: -1.5334671344816957, Y0s_q1: -1.6752026212093711,
  Y1s_q0: -1.5455770428124218, Y1s_q1: -1.4877895716624576, Z0s_q0: -6.799633138306901e-08,
  Z0s_q1: -2.7408520977206325e-07, Z1s_q0: -5.946833091782535e-07, Z1s_q1: 1.400749131064969e-07}
