{E0_q0: 0.7409537020035479, E1_q0: -0.6999999999999998, E2_q0: -0.6999999999999993,
  E3_q0: -0.7000000000000003, V00_q0: 1.3395446998457772, Y0s_q0: -1.6498977638988046,
  Y1s_q0: 0.0, Y2s_q0: 0.0, Y3s_q0: 0.0, Z0s_q0: 0.00020750895164926473, Z1s_q0: 0.0,
  Z2s_q0: 0.0, Z3s_q0: 0.0}
