{E0_q0: 0.5154230212746804, E0_q1: 0.531653452275993, E1_q0: 0.08280973542485522,
  E1_q1: -2.233663992552163, V00_q0: 0.6167970907678214, V00_q1: 0.3980080739780868,
  V10_q0: -0.24107680973217405, V10_q1: 0.16582402568254784, V11_q0: 0.007236102331366008,
  V11_q1: -0.0010771213856540006, Y0s_q0: -1.3344755115027045, Y0s_q1: -1.4332101625231632,
  Y1s_q0: -1.5116955080973529, Y1s_q1: -1.4966992216187198, Z0s_q0: -2.775172239203823e-06,
  Z0s_q1: -2.6906028812924973e-06, Z1s_q0: -2.1443923419564732e-06, Z1s_q1: -4.203218768586476e-09}
