{E0_q0: 0.7093697965540994, E0_q1: 0.7452999499648844, E1_q0: -1.3423623386647179,
  E1_q1: -1.3824030964870198, E2_q0: -1.6206719071921705, E2_q1: -1.4577649575823102,
  E3_q0: -0.9674572592035584, E3_q1: -1.1870607905278148, U00_q0: -6.235876387141631,
  U00_q1: -4.827402677321909, U10_q0: 2.046202590681816, U10_q1: 0.38772234275533884,
  U11_q0: -0.10171712117155135, U11_q1: -0.008172691198454686, U20_q0: -1.0765367646950432,
  U20_q1: 0.7382972523340969, U21_q0: -0.15666555883966587, U21_q1: -0.08071570610640029,
  U22_q0: -0.0008274545485833215, U22_q1: -0.032662715564836235, U30_q0: 0.21880682989147338,
  U30_q1: -3.341086870192158, U31_q0: -0.004967092669307725, U31_q1: 0.005381645606610904,
  U32_q0: 0.0010452504853557432, U32_q1: -0.0004268392112785542, U33_q0: -2.9442277922831383e-06,
  U33_q1: -1.1626529678900592e-05, V00_q0: 0.4936167545615027, V00_q1: 0.4382129480636117,
  V10_q0: 0.5489051948796162, V10_q1: 0.312924897242673, V11_q0: -0.07390627072596322,
  V11_q1: 0.017614476516092503, V20_q0: 0.5029901621403189, V20_q1: 0.054086735310387886,
  V21_q0: 0.10767609029380054, V21_q1: 0.1071212836249474, V22_q0: -0.0022061505763432214,
  V22_q1: -0.037451015268535934, V30_q0: -0.15365197309460676, V30_q1: 0.2620463353049104,
  V31_q0: 0.012424262158905679, V31_q1: -0.028582485817510828, V32_q0: 0.005961033593540239,
  V32_q1: 0.008063023817515958, V33_q0: -0.00020348372749920445, V33_q1: 0.0005923244714414213,
  Y0s_q0: -1.3125464296741178, Y0s_q1: -1.4123349710644382, Y1s_q0: -3.1715899472642874,
  Y1s_q1: -1.4313165064677007, Y2s_q0: -0.48593931152305897, Y2s_q1: -1.8755564902994089,
  Y3s_q0: -1.6101911854970679, Y3s_q1: -1.6413997293438856, Z0s_q0: 0.00019458639704677668,
  Z0s_q1: 0.000190394805503553, Z1s_q0: 9.65383772114099e-05, Z1s_q1: 1.5643660024161067e-05,
  Z2s_q0: -9.069411572488345e-05, Z2s_q1: 0.00011566109499900382, Z3s_q0: -6.967244911253149e-05,
  Z3s_q1: -4.2425489726985006e-05}
