{E0_q0: 1.770468429899727, E0_q1: 1.768671755553885, E1_q0: 1.2146019428497719, E1_q1: -0.4641406094005227,
  U00_q0: -19.331425732100755, U00_q1: 7.125789052272273, U10_q0: -0.7410934517113689,
  U10_q1: -1.3127192621413044, U11_q0: 1.7929343387442867e-05, U11_q1: 0.0006351688622498896,
  V00_q0: -2.04436771458139, V00_q1: -1.8518642190529016, V10_q0: 2.508612873430297,
  V10_q1: 0.23043126298347927, V11_q0: -0.016074370682796685, V11_q1: -0.09469871993612022,
  Y0s_q0: -0.5571019656260858, Y0s_q1: -2.016778770885954, Y1s_q0: -1.4091741850039252,
  Y1s_q1: -2.775072676850367, Z0s_q0: -0.00025201558378614987, Z0s_q1: -0.00024125748475300503,
  Z1s_q0: -8.909472889476923e-06, Z1s_q1: 9.88124616770752e-05}
