{E0_q0: 0.7418384663933216, E0_q1: 0.767744829813904, E1_q0: -2.0897308901205545,
  E1_q1: -1.8748419532993088, U00_q0: -4.181935359902709, U00_q1: -3.7294343652256585,
  U10_q0: -0.00819335036561253, U10_q1: 0.4603004213432406, U11_q0: 0.12990869874990169,
  U11_q1: 0.2396310882639443, V00_q0: 0.5429671874122033, V00_q1: 0.4568727604058232,
  V10_q0: 0.008109492586679272, V10_q1: -0.005406220884530647, V11_q0: -0.12975388124491025,
  V11_q1: 0.04348117659623021, Y0s_q0: -1.4928813802510577, Y0s_q1: -1.503460045753499,
  Y1s_q0: -1.5213120703250655, Y1s_q1: -1.4779568982831324, Z0s_q0: 0.00021599664798345195,
  Z0s_q1: 0.00020109615805396111, Z1s_q0: 3.0302137998838643e-05, Z1s_q1: -2.319358152973304e-05}
