{E0_q0: 0.7364277099588177, E0_q1: 0.7625190551301781, E1_q0: -1.0423304085735985,
  E1_q1: -0.7668487612140272, E2_q0: -0.6112231501180321, E2_q1: -0.8944646677898173,
  U00_q0: -4.102768551358027, U00_q1: -3.7121929028887073, U10_q0: -0.751995440667022,
  U10_q1: 0.3819348107058893, U11_q0: 0.004295008902247118, U11_q1: -0.03777896778119071,
  U20_q0: 0.08207604077830499, U20_q1: 0.1402187172322841, U21_q0: 0.00021111780725315972,
  U21_q1: -0.006499182043106016, U22_q0: 2.8584864433929207e-09, U22_q1: 4.932867228188803e-08,
  V00_q0: 0.5617631852618477, V00_q1: 0.47270290147922606, V10_q0: -0.04387787319341897,
  V10_q1: -0.04151498548939231, V11_q0: 0.0609585988259867, V11_q1: -0.06816384131810448,
  V20_q0: -0.057256056150681765, V20_q1: -0.010830698665674737, V21_q0: 0.017969610887862544,
  V21_q1: 0.014053798921562015, V22_q0: 4.964586585495221e-05, V22_q1: -0.00013525244737241655,
  Y0s_q0: -1.4720729390146683, Y0s_q1: -1.4776856076536213, Y1s_q0: 0.16697485779298196,
  Y1s_q1: -0.11889556169539194, Y2s_q0: -0.023835728625783703, Y2s_q1: 0.0063002463975895175,
  Z0s_q0: 0.00021384309683117586, Z0s_q1: 0.00019897030512630327, Z1s_q0: 3.390935244193984e-05,
  Z1s_q1: 3.215914987065935e-05, Z2s_q0: -6.665963291821535e-06, Z2s_q1: -3.2648202964945465e-05}
