{E0_q0: 0.7384783385689672, E0_q1: 0.7643230879443278, E1_q0: -1.6850009000673203,
  E1_q1: -1.608938571134298, U00_q0: -4.353531894819275, U00_q1: -3.9219758926090633,
  U10_q0: 0.006153174151246251, U10_q1: 0.20385590434424794, U11_q0: 0.07041572929684048,
  U11_q1: 0.008935184262107258, V00_q0: 0.5734916085938747, V00_q1: 0.47887917819817377,
  V10_q0: -0.0061022224638569095, V10_q1: 0.008915252445981306, V11_q0: -0.16557192306145985,
  V11_q1: -0.06605585525337002, Y0s_q0: -1.4713146761610867, Y0s_q1: -1.4822559379803684,
  Y1s_q0: -1.506325118435594, Y1s_q1: -1.4959643206646955, Z0s_q0: 0.00021405062517385198,
  Z0s_q1: 0.00019902415711687014, Z1s_q0: -2.8079675997436996e-05, Z1s_q1: 2.427924698757266e-05}
