{E0_q0: 0.7335068356079868, E0_q1: 0.7451154788473062, E1_q0: -1.1496409914915249,
  E1_q1: -1.15943708067276, Y0s_q0: -1.595760057081968, Y0s_q1: -1.6081914512940378,
  Y1s_q0: -1.4156955185211426, Y1s_q1: -1.3432704048032436, Z0s_q0: 0.00020320958132455014,
  Z0s_q1: 0.0001961853466458538, Z1s_q0: -8.9698548636859e-05, Z1s_q1: -8.722742445028127e-05}
