{E0_q0: 0.7570029628008672, E0_q1: 0.7682477380702889, E1_q0: -0.9361962830878426,
  E1_q1: -0.9584952541358986, E2_q0: -0.6384049984046617, E2_q1: -1.1654854000879347,
  U00_q0: -4.326675117306756, U00_q1: -3.8908804724399344, U10_q0: -1.3238391184924825,
  U10_q1: -0.03377204433251457, U11_q0: 0.060726126864453035, U11_q1: 0.0383204709333348,
  U20_q0: -0.026382484816186342, U20_q1: 0.7152240113134056, U21_q0: 0.00033373346370589585,
  U21_q1: 0.0011691350937061637, U22_q0: 2.8773874382404793e-08, U22_q1: 2.896916877777749e-07,
  V00_q0: 1.2468533335270398, V00_q1: 1.1547323633131956, V10_q0: -0.325893275903755,
  V10_q1: -0.3820891649442423, V11_q0: -0.43086980389206014, V11_q1: 0.4101117056684372,
  V20_q0: 0.038357577135805496, V20_q1: 0.42812255239404384, V21_q0: -0.015719133783856785,
  V21_q1: 0.04932999559715579, V22_q0: -0.00030686574869132077, V22_q1: 0.0008610337992705023,
  Y0s_q0: -1.7422984821604108, Y0s_q1: -1.7689897391878107, Y1s_q0: -1.2976864469434608,
  Y1s_q1: 0.4464168369237478, Y2s_q0: -0.02676872575015876, Y2s_q1: 0.16544417467420713,
  Z0s_q0: 0.0002156517350599534, Z0s_q1: 0.00020773364796225984, Z1s_q0: 6.194326694377152e-05,
  Z1s_q1: 5.984597819475546e-05, Z2s_q0: 2.017813458045509e-05, Z2s_q1: 2.2861214056298938e-05}
