{E0_q0: 0.7469740379215766, E1_q0: -0.7000000000000001, E2_q0: -0.7000000000000003,
  E3_q0: -0.6999999999999995, V00_q0: 1.3278151030993781, Y0s_q0: -1.7100515627446495,
  Y1s_q0: 0.0, Y2s_q0: 0.0, Y3s_q0: 0.0, Z0s_q0: 0.00021186626892356132, Z1s_q0: 0.0,
  Z2s_q0: 0.0, Z3s_q0: 0.0}
