{E0_q0: 0.6762932769898232, E0_q1: 0.6884216867292573, E1_q0: -2.5999812728897367,
  E1_q1: -5.58636614687377, U00_q0: -9.797840701403826, U00_q1: 0.7084473018903796,
  U10_q0: 1.4286680535679273, U10_q1: -0.29021857086712777, U11_q0: -0.7328105460296885,
  U11_q1: -2.6318604471291946, V00_q0: 1.1380736208080462, V00_q1: 0.9397463445215796,
  V10_q0: 1.6614298037771413, V10_q1: 0.08939599907608414, V11_q0: 0.4041084165250269,
  V11_q1: -0.8294305800629088, Y0s_q0: -1.9102724147395842, Y0s_q1: -2.572386180923377,
  Y1s_q0: -0.13456319022329083, Y1s_q1: -0.2751805635464861, Z0s_q0: 1.9116807506105227e-05,
  Z0s_q1: 1.8157180883159426e-05, Z1s_q0: -7.675015877833876e-07, Z1s_q1: 1.65976704745937e-06}
