{E0_q0: 0.7384529715061313, E0_q1: 0.7500148984039987, E1_q0: -2.141620082934851,
  E1_q1: -2.0978934553127715, U00_q0: -4.756359727417545, U00_q1: -3.8850481306963243,
  U10_q0: -7.587541901126715, U10_q1: 0.5827180254696561, U11_q0: -1.9143159181569487,
  U11_q1: 0.5668216184062851, V00_q0: 0.6085242770057375, V00_q1: 0.5592991737382641,
  V10_q0: -0.35299079038260694, V10_q1: -0.3373120580196093, V11_q0: -0.11972446747258043,
  V11_q1: -0.0536462169167083, Y0s_q0: -1.6189517044109698, Y0s_q1: -1.6293740408724584,
  Y1s_q0: -1.4116330806195585, Y1s_q1: -1.4350564747175527, Z0s_q0: 0.0002063714671817804,
  Z0s_q1: 0.00019925285962486865, Z1s_q0: 1.8850994284201502e-05, Z1s_q1: 1.7224181685098643e-05}
