{E0_q0: 0.7111830386444165, E0_q1: 0.7385166237898212, E1_q0: -1.8565470597592035,
  E1_q1: -1.880940582839879, U00_q0: -4.897092574495971, U00_q1: -5.781446885500293,
  U10_q0: 0.10874638463860654, U10_q1: 0.6360225552468896, U11_q0: -1.5137489333927803,
  U11_q1: 2.681956054881726, V00_q0: 0.9780241149381709, V00_q1: 0.7786497079371012,
  V10_q0: 0.0011780048747568567, V10_q1: 0.0033219045562854405, V11_q0: 1.36681251118127,
  V11_q1: -1.4067481851104189, Y0s_q0: -1.6571404791223332, Y0s_q1: -1.7004922230134853,
  Y1s_q0: -1.2534301251682674, Y1s_q1: -1.2127298594694118, Z0s_q0: 0.00016855410529365854,
  Z0s_q1: 0.00015608287056927087, Z1s_q0: 0.0001533339042988734, Z1s_q1: -0.00014335750163345533}
