{E0_q0: 0.7306054507148106, E0_q1: 0.7424127334205531, E1_q0: -2.066359487217211,
  E1_q1: -2.0644454527783287, U00_q0: -4.511808275036065, U00_q1: -3.7099555383898295,
  U10_q0: -5.824601044018971, U10_q1: 2.333313207963358, U11_q0: 0.5274074948337646,
  U11_q1: 0.1660855002329645, V00_q0: 0.6552976955011084, V00_q1: 0.6052735024194018,
  V10_q0: 0.08133649054229142, V10_q1: 0.08092073299097545, V11_q0: -0.10576734337919608,
  V11_q1: -0.10059252426341213, Y0s_q0: -1.5982801675222051, Y0s_q1: -1.5919814087714796,
  Y1s_q0: -1.3228806758449982, Y1s_q1: -1.4740028152706601, Z0s_q0: 0.0001961253713720108,
  Z0s_q1: 0.0001896761671147961, Z1s_q0: -7.605472317949123e-05, Z1s_q1: -7.296068540869049e-05}
