{E0_q0: 0.7210333299559804, E0_q1: 0.7456554467067873, E1_q0: -0.7, E1_q1: -0.8, E2_q0: -0.7,
  E2_q1: -0.8, Z0s_q0: 0.00021039568780700752, Z0s_q1: 0.00019502353490526015, Z1s_q0: 0.0,
  Z1s_q1: 0.0, Z2s_q0: 0.0, Z2s_q1: 0.0}
