{E0_q0: 0.7295401681715207, E0_q1: 0.7369813117246965, E1_q0: -0.8315180346791364,
  E1_q1: -0.9251700139826884, V00_q0: 1.1956187785322185, V00_q1: 1.0870845022907878,
  V10_q0: -0.27778815521281913, V10_q1: -0.2522438125358997, V11_q0: -0.036937193073359506,
  V11_q1: -0.019874896964825188, Z0s_q0: 0.00021091444607274356, Z0s_q1: 0.00020142555731214007,
  Z1s_q0: 3.7735337079958425e-05, Z1s_q1: -1.7599372979489262e-05}
