{E0_q0: 0.7392708216893409, E0_q1: 0.7650387477108784, E1_q0: -2.1808089444977687,
  E1_q1: -1.0609009269600749, U00_q0: -4.354038117194292, U00_q1: -3.8900529711033958,
  U10_q0: -0.2827065643045573, U10_q1: -0.03929454859406092, U11_q0: -0.0027629419592096883,
  U11_q1: 0.02638597101421628, V00_q0: 0.5725764327359029, V00_q1: 0.47662929482270633,
  V10_q0: 0.09576355635327648, V10_q1: 0.10891196079292582, V11_q0: -0.08111164814365364,
  V11_q1: -0.025701874601588855, Y0s_q0: -1.4736373850416908, Y0s_q1: -1.4855905835774452,
  Y1s_q0: -1.5015191208553444, Y1s_q1: -1.4964403289528811, Z0s_q0: 0.0002153994564215881,
  Z0s_q1: 0.00020019927159073476, Z1s_q0: -9.808063024956175e-06, Z1s_q1: -2.3924242640166744e-06}
