{E0_q0: 0.7376675165807036, E0_q1: 0.7491939365621265, E1_q0: -0.5757085881269841,
  E1_q1: -0.5849389977139384, Y0s_q0: -1.5780340434048057, Y0s_q1: -1.5845476296990624,
  Y1s_q0: -1.5401751269566892, Y1s_q1: -1.522992135023561, Z0s_q0: 0.00021004909069028245,
  Z0s_q1: 0.00020285640562634313, Z1s_q0: 0.0001148206392921016, Z1s_q1: 0.00011151908164380431}
