{E0_q0: 0.7284181800400783, E1_q0: -0.6999999999999998, E2_q0: -0.6999999999999996,
  E3_q0: -0.7, V00_q0: 1.2354087631072956, Z0s_q0: 0.00020624216104744636, Z1s_q0: 0.0,
  Z2s_q0: 0.0, Z3s_q0: 0.0}
