{E0_q0: 0.7444812846622616, E0_q1: 0.7567568805498396, E1_q0: -0.016887047294590236,
  E1_q1: 0.21773782837469208, V00_q0: 0.6182390324055379, V00_q1: 0.5647253193854902,
  V10_q0: -0.06933760015704545, V10_q1: 0.25985169765223914, V11_q0: 0.0010754346471132583,
  V11_q1: 0.00017613600715953452, Z0s_q0: 0.0002121144817168725, Z0s_q1: 0.00020521421115231355,
  Z1s_q0: 3.063976699328601e-05, Z1s_q1: -1.0644439658577664e-05}
