{E0_q0: 0.7325604734688631, E0_q1: 0.7527392532256106, E1_q0: -0.8193213980869187,
  E1_q1: -1.5123870235557413, U00_q0: -4.550419062439338, U00_q1: -4.228926052039461,
  U10_q0: 0.6880284077489368, U10_q1: 1.2064553082404479, U11_q0: 0.1336334775038314,
  U11_q1: 0.8128817747139838, V00_q0: 0.5938910839199548, V00_q1: 0.48901139039467617,
  V10_q0: -0.08740228273198541, V10_q1: -0.02179763780814993, V11_q0: 0.3202532008845783,
  V11_q1: 0.25946373870724015, Y0s_q0: -1.4731217180419285, Y0s_q1: -1.4782047110993661,
  Y1s_q0: -1.4911142592189557, Y1s_q1: -1.514885196015904, Z0s_q0: 0.00021258756135520966,
  Z0s_q1: 0.00019014206699513532, Z1s_q0: 8.855265932184082e-05, Z1s_q1: -8.644645715277585e-05}
