{E0_q0: 0.7479512000278, E0_q1: 0.7733020461255026, E1_q0: -1.33818549497992, E1_q1: -2.775212860489275,
  U00_q0: -4.167752324847925, U00_q1: -3.8016061263759067, U10_q0: 0.05383146669220475,
  U10_q1: -0.3635699971337181, U11_q0: -2.6057847981386267e-07, U11_q1: -7.013832435598644e-05,
  V00_q0: 0.5256706772670993, V00_q1: 0.4393689554710002, V10_q0: -0.2684422902688874,
  V10_q1: 0.333992485852605, V11_q0: -0.00016208417003035308, V11_q1: -3.285713622264502e-05,
  Y0s_q0: -1.4708379996756575, Y0s_q1: -1.482168000977904, Y1s_q0: -1.4988964242993528,
  Y1s_q1: -1.4981982768303619, Z0s_q0: 0.00021906298184394302, Z0s_q1: 0.0002035074523645746,
  Z1s_q0: -2.951082785783346e-07, Z1s_q1: 2.6056167541587404e-06}
