{E0_q0: 0.7463710511247609, E0_q1: 0.7577657097227173, E1_q0: 0.49235776347470445,
  E1_q1: -2.7324299028553414, U00_q0: -4.483270241840529, U00_q1: -4.179936334254333,
  U10_q0: 0.01946983642488114, U10_q1: -0.5158558136297816, U11_q0: 1.170161704295373e-07,
  U11_q1: -1.8213548038154164e-05, V00_q0: 0.5511029802555321, V00_q1: 0.5071523124455761,
  V10_q0: 0.0003932313122138666, V10_q1: 0.11723959032721415, V11_q0: -0.0005101523621418608,
  V11_q1: -0.0015095396545440867, Y0s_q0: -1.5878295166453467, Y0s_q1: -1.595241112792672,
  Y1s_q0: -1.5002246816157818, Y1s_q1: -1.503660576296592, Z0s_q0: 0.0002134412499216411,
  Z0s_q1: 0.00020613192937779905, Z1s_q0: -1.5119523728948233e-05, Z1s_q1: 1.017661538068771e-06}
