{E0_q0: 0.7391052499950126, E0_q1: 0.7506417899392137, E1_q0: -0.828608149733165,
  E1_q1: -0.8319573490093628, Y0s_q0: -1.5859435343859298, Y0s_q1: -1.5914427613418658,
  Y1s_q0: -1.4665033676564867, Y1s_q1: -1.4886709830774396, Z0s_q0: 0.00021076989610308534,
  Z0s_q1: 0.000203565372477539, Z1s_q0: 6.564902753376029e-05, Z1s_q1: 6.381899647660306e-05}
