{E0_q0: 0.7306311609132916, E0_q1: 0.7614385861181111, E1_q0: -1.3440758541245936,
  E1_q1: -0.5523800554081966, V00_q0: 0.5848518590679629, V00_q1: 0.4632775517301337,
  V10_q0: 0.006481284463114229, V10_q1: 0.24455785848791634, V11_q0: 0.14995361717492522,
  V11_q1: -0.02363914931312108, Z0s_q0: 0.00021684536531106508, Z0s_q1: 0.00020613486743566414,
  Z1s_q0: 4.543146172008404e-05, Z1s_q1: 6.8665772156277375e-06}
