{E0_q0: 0.7350074415678517, E0_q1: 0.7386374728007797, E1_q0: -0.6197708354845987,
  E1_q1: -1.2664558900307763, Z0s_q0: 0.00020957410109921426, Z0s_q1: 0.00019429680120022061,
  Z1s_q0: 8.700950012940441e-05, Z1s_q1: -9.22511087830201e-05}
