{E0_q0: 0.7466009596651363, E0_q1: 0.7579907462589567, E1_q0: -0.7000000000000001,
  E1_q1: -0.8000000000000003, V00_q0: 1.0761261086471372, V00_q1: 1.0048735264240303,
  V10_q0: 0.0, V10_q1: 0.0, V11_q0: 0.0, V11_q1: 0.0, Y0s_q0: -1.613161128380826,
  Y0s_q1: -1.6196459643811136, Y1s_q0: 8.512410993354577e-16, Y1s_q1: -3.0978048178659895e-16,
  Z0s_q0: 0.00020509953302258558, Z0s_q1: 0.00019799329392053845, Z1s_q0: 0.0, Z1s_q1: 0.0}
