{E0_q0: 0.7427007338266349, E0_q1: 0.7541491358931685, E1_q0: -0.7000000000000004,
  E1_q1: -0.7999999999999999, E2_q0: -0.7, E2_q1: -0.8000000000000009, E3_q0: -0.7000000000000004,
  E3_q1: -0.7999999999999997, Y0s_q0: -1.6344112504775936, Y0s_q1: -1.6470301318871519,
  Y1s_q0: 0.0, Y1s_q1: 0.0, Y2s_q0: 0.0, Y2s_q1: 0.0, Y3s_q0: 0.0, Y3s_q1: 0.0, Z0s_q0: 0.00021169682001350896,
  Z0s_q1: 0.00020426070698577984, Z1s_q0: 0.0, Z1s_q1: 0.0, Z2s_q0: 0.0, Z2s_q1: 0.0,
  Z3s_q0: 0.0, Z3s_q1: 0.0}
