{E0_q0: 0.7426979651272024, E0_q1: 0.7684319544405038, E1_q0: -0.7647984462810439,
  E1_q1: -0.12602921827082336, E2_q0: -0.2517332860408909, E2_q1: -0.4745429401064926,
  U00_q0: -4.251995180276392, U00_q1: -3.8248976305237927, U10_q0: -0.8535890863554382,
  U10_q1: 0.14942364436961622, U11_q0: 0.1189642306426099, U11_q1: 0.009241170390105436,
  U20_q0: 3.6594673362931593, U20_q1: -0.42855935580044807, U21_q0: 0.02238378187674768,
  U21_q1: 0.0038784272322527637, U22_q0: 2.3487471708049022e-06, U22_q1: 1.370964692690683e-07,
  V00_q0: 0.5504738579839171, V00_q1: 0.4615411156452436, V10_q0: -0.012138145567437052,
  V10_q1: -0.019720192467418397, V11_q0: -0.025248987977768395, V11_q1: 0.018545586247585833,
  V20_q0: 0.13512957180777238, V20_q1: 0.2282529560910881, V21_q0: -0.0006372990559140362,
  V21_q1: 0.012558589664472845, V22_q0: -0.00025153068606951926, V22_q1: 0.00017015576403046881,
  Y0s_q0: -1.5094120969646538, Y0s_q1: -1.5152314347120566, Y1s_q0: -1.5911073583889146,
  Y1s_q1: -1.482107833451545, Y2s_q0: -1.4670462781845701, Y2s_q1: -1.5044561322228742,
  Z0s_q0: 0.0002167591686791725, Z0s_q1: 0.0002012562574267383, Z1s_q0: 2.7296309422827923e-05,
  Z1s_q1: -4.948078585757773e-05, Z2s_q0: 2.2339843767469405e-05, Z2s_q1: 6.7066313218389725e-06}
