{E0_q0: 0.7433171118262245, E0_q1: 0.7688582960062949, E1_q0: -0.7444435063892432,
  E1_q1: -3.268090543890817, U00_q0: -4.120218875344014, U00_q1: -3.640631424268412,
  U10_q0: 0.13106763801976795, U10_q1: 0.3803207893678705, U11_q0: 1.0213443852013038e-10,
  U11_q1: -0.00013220756472814938, V00_q0: 0.9835832691162201, V00_q1: 0.8197828719363044,
  V10_q0: 0.5909186601302776, V10_q1: -0.38890935949991573, V11_q0: -1.8707027489087516e-05,
  V11_q1: -0.016346746738996665, Y0s_q0: -1.5131555870007773, Y0s_q1: -1.5401161031692923,
  Y1s_q0: 0.02224792673556416, Y1s_q1: 0.04591932536071734, Z0s_q0: 0.00021504954642735034,
  Z0s_q1: 0.00019929641704219904, Z1s_q0: 9.028250172961915e-08, Z1s_q1: -7.313889212190552e-06}
