{E0_q0: 0.7443611904152743, E1_q0: -0.7000000000000003, E2_q0: -0.6999999999999994,
  E3_q0: -0.7, U00_q0: -4.350311993447019, V00_q0: 1.1640802950215585, Y0s_q0: -1.6604557150919017,
  Y1s_q0: 0.0, Y2s_q0: 0.0, Y3s_q0: 0.0, Z0s_q0: 0.00021737203877697696, Z1s_q0: 0.0,
  Z2s_q0: 0.0, Z3s_q0: 0.0}
