{E0_q0: 0.7472432838253463, E0_q1: 0.7586222345557944, E1_q0: -0.6999999999999998,
  E1_q1: -0.8, Y0s_q0: -1.646562776971431, Y0s_q1: -1.661460693415179, Y1s_q0: 8.496489130719642e-17,
  Y1s_q1: 0.0, Z0s_q0: 0.00021501961988816467, Z0s_q1: 0.0002074378949259767, Z1s_q0: 0.0,
  Z1s_q1: 0.0}
