{E0_q0: 0.7344562034025108, E0_q1: 0.7599870545207671, E1_q0: -0.09346119338051098,
  E1_q1: -1.250314195139488, E2_q0: -0.2790214264015085, E2_q1: -0.31225056584659977,
  U00_q0: -4.4436593466115, U00_q1: -4.049138041896624, U10_q0: 0.9935452968833601,
  U10_q1: 1.0193749222860529, U11_q0: 1.231974856226237e-06, U11_q1: -8.469970153389757e-05,
  U20_q0: -0.5094959776519448, U20_q1: -0.21026534913875047, U21_q0: 2.4670871969910616e-08,
  U21_q1: -1.0871392847897211e-05, U22_q0: 1.5122189197612673e-09, U22_q1: -3.47704837514973e-08,
  V00_q0: 0.5742151885532972, V00_q1: 0.47586705514675576, V10_q0: 0.24288759762335072,
  V10_q1: 0.11458481447180197, V11_q0: -0.001037719814767618, V11_q1: 0.0027703351136302507,
  V20_q0: -0.1800727632624593, V20_q1: 0.07970849616025191, V21_q0: -0.0003647575396159819,
  V21_q1: -0.004173633146196078, V22_q0: -3.646554556435471e-05, V22_q1: -6.437351094563732e-05,
  Y0s_q0: -1.463655907347835, Y0s_q1: -1.4735825478002789, Y1s_q0: -1.5418199063510498,
  Y1s_q1: -1.3824000100971414, Y2s_q0: -1.4896150821575862, Y2s_q1: -1.5168499644136941,
  Z0s_q0: 0.00021461821174142718, Z0s_q1: 0.00019908251619312476, Z1s_q0: 6.503914425424072e-06,
  Z1s_q1: 1.3557644839091435e-05, Z2s_q0: 2.3369377519530925e-05, Z2s_q1: -2.0200856687963664e-05}
