{E0_q0: 0.7413984834895153, E0_q1: 0.7670391097767262, E1_q0: -1.9733163793209834,
  E1_q1: -0.9150102990271846, U00_q0: -4.222714175866445, U00_q1: -3.809953076720398,
  U10_q0: 0.02388076928939226, U10_q1: 0.3741387813179501, U11_q0: 0.09645559103502792,
  U11_q1: -0.00033307021305328723, V00_q0: 0.5605100326682224, V00_q1: 0.4687361869877365,
  V10_q0: 0.1443884005894122, V10_q1: 0.15844311066918026, V11_q0: 0.021344108509467493,
  V11_q1: 0.019795182267564528, Y0s_q0: -1.4836795655731287, Y0s_q1: -1.4935351440005507,
  Y1s_q0: -1.4734399052308118, Y1s_q1: -1.4938975948202875, Z0s_q0: 0.00021659133963352405,
  Z0s_q1: 0.0002011570981177301, Z1s_q0: -6.667395226647021e-06, Z1s_q1: -2.007413333335556e-06}
