{E0_q0: 0.7348218171386859, E0_q1: 0.7607291730525491, E1_q0: -2.0365644648491554,
  E1_q1: -1.0541846560362877, U00_q0: -4.333324368974656, U00_q1: -3.864128676654023,
  U10_q0: -0.32906225552391044, U10_q1: 0.5840415388040169, U11_q0: 0.24138237546821056,
  U11_q1: 0.0025945843717198437, V00_q0: 0.5580060452520471, V00_q1: 0.46478613407874814,
  V10_q0: -0.10839904999957685, V10_q1: -0.11925958112317699, V11_q0: -0.07934082616555302,
  V11_q1: 0.014636444310911854, Y0s_q0: -1.4615964627682376, Y0s_q1: -1.4744754034053273,
  Y1s_q0: -1.5288216629438194, Y1s_q1: -1.4925796185637477, Z0s_q0: 0.00021414007778407384,
  Z0s_q1: 0.00019904963479816537, Z1s_q0: 9.21794794299491e-06, Z1s_q1: 2.911534429360025e-06}
