{E0_q0: 0.7459075490163681, E0_q1: 0.7573046566986673, E1_q0: -1.5217344804488213,
  E1_q1: -2.6700341180793217, U00_q0: -4.587102955036567, U00_q1: -4.334622929089114,
  U10_q0: 0.3620957874048653, U10_q1: -2.34706615108087, U11_q0: 2.6563202737813364e-07,
  U11_q1: 1.0683106630679278e-05, V00_q0: 0.5729951041833329, V00_q1: 0.5258178976992958,
  V10_q0: 0.31508852476120536, V10_q1: 0.24225374430505794, V11_q0: -0.0007175350167097214,
  V11_q1: -0.000614288057807676, Y0s_q0: -1.552384469382748, Y0s_q1: -1.5583202735384316,
  Y1s_q0: -1.4970708489115723, Y1s_q1: -1.5229773337872807, Z0s_q0: 0.0002139957541242619,
  Z0s_q1: 0.00020679141419924902, Z1s_q0: 1.3613636101594604e-07, Z1s_q1: 9.481460528635624e-07}
