{E0_q0: 0.7497682937553063, E1_q0: -0.7, E2_q0: -0.7000000000000003, E3_q0: -0.7,
  Y0s_q0: -1.6417183970299514, Y1s_q0: 0.0, Y2s_q0: 0.0, Y3s_q0: 0.0, Z0s_q0: 0.00021596524256674743,
  Z1s_q0: 0.0, Z2s_q0: 0.0, Z3s_q0: 0.0}
