{E0_q0: 0.7282937884205012, E1_q0: -0.7, E2_q0: -0.7000000000000001, E3_q0: -0.7,
  V00_q0: 1.2265849991066238, Z0s_q0: 0.00021137022699923254, Z1s_q0: 0.0, Z2s_q0: 0.0,
  Z3s_q0: 0.0}
