{E0_q0: 0.7379544190067174, E0_q1: 0.7637581223288071, E1_q0: -1.9629460156111502,
  E1_q1: -0.9121086145354427, U00_q0: -4.314189492768878, U00_q1: -3.861363165125844,
  U10_q0: 0.3332032097365153, U10_q1: -0.11977355758085101, U11_q0: 0.0459994922058976,
  U11_q1: 0.015886636347811532, V00_q0: 0.5686447322490243, V00_q1: 0.4744589700235249,
  V10_q0: 0.08868408568242411, V10_q1: 0.10362564583409292, V11_q0: -0.1306497058800999,
  V11_q1: 0.01637362970084439, Y0s_q0: -1.4671613073382546, Y0s_q1: -1.4789100186451571,
  Y1s_q0: -1.490987938648009, Y1s_q1: -1.5032630714590225, Z0s_q0: 0.00021522202190814361,
  Z0s_q1: 0.00020003981193131065, Z1s_q0: -9.098219395411737e-06, Z1s_q1: -2.6171167852451437e-06}
