{E0_q0: 0.7359850372036348, E0_q1: 0.7621379048596005, E1_q0: -0.3066985396052962,
  E1_q1: -0.22562586144926336, E2_q0: -0.7000000000000002, E2_q1: -0.7999999999999999,
  E3_q0: -0.6999999999999998, E3_q1: -0.7999999999999997, U00_q0: -4.1691445847960855,
  U00_q1: -3.7760509239981035, U10_q0: -5.831152216033475, U10_q1: -1.2213529848611853,
  U11_q0: 0.0016217649924354155, U11_q1: 0.00040013033737002634, U20_q0: -6.012113337316575e-18,
  U20_q1: -1.211473599792164e-19, U21_q0: -1.150718621754801e-15, U21_q1: -1.577856543256087e-25,
  U22_q0: 1.2036315522094547e-19, U22_q1: 6.57110543977174e-60, U30_q0: 7.815468747919733e-28,
  U30_q1: 7.815468747919733e-28, U31_q0: 7.815468747919733e-28, U31_q1: 7.815468747919733e-28,
  U32_q0: 7.815468747919733e-28, U32_q1: 7.815468747919733e-28, U33_q0: 7.815468747919733e-28,
  U33_q1: 7.815468747919733e-28, V00_q0: 0.558933346459237, V00_q1: 0.4698423037847093,
  V10_q0: -0.11153169278525203, V10_q1: -0.10677536301851145, V11_q0: -0.02885606852775943,
  V11_q1: 0.015014298374106004, V20_q0: 9.557416796086752e-10, V20_q1: -1.1904218160220648e-09,
  V21_q0: 4.83840965902108e-12, V21_q1: -2.232807293361196e-12, V22_q0: -9.22266563332935e-23,
  V22_q1: -8.715866814055408e-25, V30_q0: 9.378562497501108e-29, V30_q1: -3.42360766785304e-18,
  V31_q0: 9.378562497501108e-29, V31_q1: 4.509017538159497e-20, V32_q0: 9.378562497501108e-29,
  V32_q1: 2.2273883291268535e-25, V33_q0: 9.378562497501108e-29, V33_q1: 1.6570083779635153e-28,
  Y0s_q0: -1.478178414461078, Y0s_q1: -1.4844689155449187, Y1s_q0: 0.9200764003110987,
  Y1s_q1: -0.8228610355970205, Y2s_q0: -3.8013037015724173e-16, Y2s_q1: 1.0031496016448079e-19,
  Y3s_q0: -1.1849903269056836e-16, Y3s_q1: 2.3447230085584405e-28, Z0s_q0: 0.00021361516857172448,
  Z0s_q1: 0.0001986076541751084, Z1s_q0: 6.392528605552888e-05, Z1s_q1: 6.274677841945799e-05,
  Z2s_q0: -2.4063372164225387e-14, Z2s_q1: 2.273678738153991e-16, Z3s_q0: 5.948549897929594e-22,
  Z3s_q1: 1.563090657764063e-32}
