{E0_q0: 0.7497712623858797, E0_q1: 0.7611097191506819, E1_q0: 0.7840244042177181,
  E1_q1: -2.723443708634173, U00_q0: -4.3299961323233624, U00_q1: -4.04569383680659,
  U10_q0: 0.06449851160283512, U10_q1: -0.6454537101973051, U11_q0: 2.977018755995598e-10,
  U11_q1: -0.00018609755753593612, V00_q0: 0.559217439135463, V00_q1: 0.5157121388338468,
  V10_q0: -0.0006735284701547907, V10_q1: -0.08176303535200954, V11_q0: -2.4833764187737423e-05,
  V11_q1: -0.01304553827263569, Y0s_q0: -1.5951786552908809, Y0s_q1: -1.6020390068009511,
  Y1s_q0: -1.4983969600705094, Y1s_q1: -1.5072183447755303, Z0s_q0: 0.00021474119510446149,
  Z0s_q1: 0.00020736650363360108, Z1s_q0: -3.8225296974783626e-05, Z1s_q1: -2.231628152699951e-06}
