{E0_q0: 0.7878779611114632, E0_q1: 0.7986401988525426, E1_q0: -2.182583213445636,
  E1_q1: -3.585697612841357, U00_q0: -4.061152710907703, U00_q1: -4.011042194279716,
  U10_q0: 1.2345846424693776, U10_q1: -0.7713946100439972, U11_q0: -0.05674051922709565,
  U11_q1: 1.9532918075209518, V00_q0: 1.2213922143439033, V00_q1: 1.115744595080123,
  V10_q0: -0.49171304371043095, V10_q1: -0.5329152183731203, V11_q0: -0.08357474517100877,
  V11_q1: 0.22288406273202382, Y0s_q0: -1.8703782981132977, Y0s_q1: -1.8879564926357983,
  Y1s_q0: 0.007313780025273915, Y1s_q1: 0.07066992868528194, Z0s_q0: 0.00017618995113698576,
  Z0s_q1: 0.0001693088181561038, Z1s_q0: -1.8764410377198122e-06, Z1s_q1: -7.257031986325268e-06}
