{E0_q0: 0.7449952961607121, E0_q1: 0.7564107625097178, E1_q0: 0.48948152716256, E1_q1: -2.6078217313452083,
  U00_q0: -4.6343336631266085, U00_q1: -4.332138417048314, U10_q0: 0.11280448837086449,
  U10_q1: -0.3677895860618502, U11_q0: 1.6389395012289715e-07, U11_q1: 0.00010570364981840913,
  V00_q0: 0.5598576518455611, V00_q1: 0.5139232475596216, V10_q0: 0.0004697751890270932,
  V10_q1: 0.12227930374872305, V11_q0: -0.000484062600114081, V11_q1: -0.004580631148466448,
  Y0s_q0: -1.5827046799692988, Y0s_q1: -1.5900547280121848, Y1s_q0: -1.4974172872343747,
  Y1s_q1: -1.5041168965762473, Z0s_q0: 0.0002121712672915615, Z0s_q1: 0.00020491847994008144,
  Z1s_q0: -1.4685658262228687e-05, Z1s_q1: 8.620560320575649e-07}
