{E0_q0: 0.7425736450962245, E0_q1: 0.7681155848319314, E1_q0: 0.7886327871710755,
  E1_q1: -0.25730572815056557, U00_q0: -4.277764368563771, U00_q1: -3.883683117327629,
  U10_q0: 4.45967368336453, U10_q1: -0.22418286626129155, U11_q0: 1.2522651549163916e-09,
  U11_q1: -2.7424170902510246e-07, V00_q0: 0.5531983782586226, V00_q1: 0.46314674728348354,
  V10_q0: -0.06268543861243141, V10_q1: 0.18040424096254176, V11_q0: -1.667519287523214e-05,
  V11_q1: -0.0013967229734273769, Y0s_q0: -1.4848204951046584, Y0s_q1: -1.4943680746364962,
  Y1s_q0: -1.44117223715787, Y1s_q1: -1.50149829701595, Z0s_q0: 0.00021722180183180497,
  Z0s_q1: 0.00020166641475121113, Z1s_q0: -0.00011270471729960392, Z1s_q1: 6.062767593516711e-06}
