{E0_q0: 0.7367686129723889, E0_q1: 0.7623115081368804, E1_q0: -0.7672080677635409,
  E1_q1: -0.7804840654993639, U00_q0: -4.33187413413331, U00_q1: -3.912104769831625,
  U10_q0: 0.15288704129309846, U10_q1: -0.17452300497671355, U11_q0: -6.420843852722391e-08,
  U11_q1: -9.361826973097967e-07, V00_q0: 0.5770500313991108, V00_q1: 0.481328493299404,
  V10_q0: 0.033012222256678526, V10_q1: 0.11929358813332605, V11_q0: -3.7256042118654713e-06,
  V11_q1: 0.00021248631964996222, Y0s_q0: -1.4497879419134436, Y0s_q1: -1.4586087982796068,
  Y1s_q0: -1.5404120144957434, Y1s_q1: -1.4893053630857596, Z0s_q0: 0.00021571759334238362,
  Z0s_q1: 0.0002003759715459792, Z1s_q0: 1.2293899220054259e-05, Z1s_q1: 6.205957647791659e-06}
