{E0_q0: 0.7397159319832205, E0_q1: 0.7657808311862921, E1_q0: -2.2619229131258347,
  E1_q1: -1.8571494399055772, U00_q0: -4.197458320503133, U00_q1: -3.7524884183834053,
  U10_q0: 0.5185001999019251, U10_q1: 0.5638683395744718, U11_q0: 0.23750932192458388,
  U11_q1: -0.3302425801955195, V00_q0: 0.5353231026130233, V00_q1: 0.44999102874841435,
  V10_q0: 0.00830377577606042, V10_q1: -0.0037491458764212127, V11_q0: -0.10336781773892517,
  V11_q1: 0.06760979331196736, Y0s_q0: -1.4649581896569968, Y0s_q1: -1.4779633839404323,
  Y1s_q0: -1.5300934759610274, Y1s_q1: -1.5013295108611517, Z0s_q0: 0.00021484098801450606,
  Z0s_q1: 0.00020043766555763066, Z1s_q0: 2.827128453383364e-05, Z1s_q1: -1.8560871477298066e-05}
