{E0_q0: 0.7371771294382876, E0_q1: 0.7630006692318212, E1_q0: -1.8805473986606986,
  E1_q1: -1.5685680724688253, U00_q0: -4.302056018820568, U00_q1: -3.868361544921752,
  U10_q0: -1.051423417331901, U10_q1: 1.3726544879583176, U11_q0: 0.5072576339710676,
  U11_q1: -0.052923849252293535, V00_q0: 0.5783165535649746, V00_q1: 0.4827418404313663,
  V10_q0: -0.13970491937189009, V10_q1: -0.15969351705177165, V11_q0: -0.1533470876409276,
  V11_q1: 0.10913325821760968, Y0s_q0: -1.4467572891746465, Y0s_q1: -1.460437564368595,
  Y1s_q0: -1.4966744357043187, Y1s_q1: -1.4857519508714776, Z0s_q0: 0.00021357106055542842,
  Z0s_q1: 0.00019863909498117483, Z1s_q0: 1.0084972245527673e-05, Z1s_q1: 5.137042492357432e-06}
