{E0_q0: 0.7399277954736438, E0_q1: 0.7659961960516634, E1_q0: -1.4859272429297277,
  E1_q1: -0.5977627436338128, U00_q0: -4.288613917702141, U00_q1: -3.8649501583808785,
  U10_q0: -0.19160897829559084, U10_q1: 0.44109156310832337, U11_q0: 0.009972997100951212,
  U11_q1: -0.19690847166661338, V00_q0: 0.5525428358937762, V00_q1: 0.4620953313671519,
  V10_q0: 0.012173268155838343, V10_q1: 0.010102629624690917, V11_q0: 0.15508078828856153,
  V11_q1: 0.11939813257784582, Y0s_q0: -1.477414682219441, Y0s_q1: -1.4944415349470908,
  Y1s_q0: -1.5161920450938013, Y1s_q1: -1.4918196637537608, Z0s_q0: 0.0002152362033074879,
  Z0s_q1: 0.00020038831374348133, Z1s_q0: -2.4735670955953994e-05, Z1s_q1: -2.5427690906073248e-05}
