{E0_q0: 0.7261020927354119, E0_q1: 0.7318569265173459, E1_q0: -0.5494007781636656,
  E1_q1: -0.784448163720977, Z0s_q0: 0.00020281591090390806, Z0s_q1: 0.00019129624808112913,
  Z1s_q0: 0.00012478492029717938, Z1s_q1: 0.0001202225634516632}
