{E0_q0: 0.758261217583954, E0_q1: 0.7833821872259726, E1_q0: -1.734869855077092, E1_q1: -1.2346810505838883,
  U00_q0: -3.9492199647132336, U00_q1: -3.529149150117276, U10_q0: -0.6377965449399345,
  U10_q1: 0.24622920821297856, U11_q0: -0.003729428191776994, U11_q1: -0.009033208546160397,
  V00_q0: 0.5586050594828614, V00_q1: 0.47325544774087797, V10_q0: -0.12885079055465395,
  V10_q1: -0.14455425863537585, V11_q0: 0.03454950471901747, V11_q1: -0.01880555362056397,
  Y0s_q0: -1.509177653310171, Y0s_q1: -1.5213650084693802, Y1s_q0: -1.486875988656797,
  Y1s_q1: -1.5195896448686954, Z0s_q0: 0.00022769465256531664, Z0s_q1: 0.0002114395511301034,
  Z1s_q0: 9.591677644817852e-06, Z1s_q1: 4.652263938500254e-06}
