{E0_q0: 0.7115399061446606, E0_q1: 0.7484215214279889, E1_q0: -1.5005591628051966,
  E1_q1: -1.2395559975717456, E2_q0: -2.0905409222078504, E2_q1: -1.092979143816815,
  U00_q0: -6.318153288940536, U00_q1: -4.5216745592180505, U10_q0: 2.1816167088102523,
  U10_q1: 0.574464411414567, U11_q0: -0.21140341048550104, U11_q1: -0.12600132295760122,
  U20_q0: -1.0983715904614573, U20_q1: -0.5533941688293376, U21_q0: -0.31709394322595036,
  U21_q1: 0.0013936902798626354, U22_q0: -0.0197816205215388, U22_q1: -0.011173901225876358,
  V00_q0: 0.48977307016452315, V00_q1: 0.4543775585401519, V10_q0: 0.5896593110645125,
  V10_q1: 0.1448335257190909, V11_q0: -0.24507771585676447, V11_q1: 0.10189058825211426,
  V20_q0: 0.41584858897010885, V20_q1: -0.08864052110000767, V21_q0: 0.3110225266180281,
  V21_q1: 0.0023923632985307537, V22_q0: -0.06770418379545348, V22_q1: -0.03266836497651802,
  Y0s_q0: -1.3114103646229598, Y0s_q1: -1.4099061703801712, Y1s_q0: -3.217886907322442,
  Y1s_q1: -1.5435816757153946, Y2s_q0: -0.3858136564037449, Y2s_q1: -1.724350740249064,
  Z0s_q0: 0.00019728848253467012, Z0s_q1: 0.00019403111094371166, Z1s_q0: 8.187832795270452e-05,
  Z1s_q1: 4.332462458442259e-05, Z2s_q0: -6.54558807551145e-05, Z2s_q1: 6.588111849797086e-05}
