{E0_q0: 0.7220822850782873, E0_q1: 0.7507882257469392, E1_q0: -0.7, E1_q1: -0.8, E2_q0: -0.7,
  E2_q1: -0.8, Z0s_q0: 0.00020822283312316788, Z0s_q1: 0.00019552077610811744, Z1s_q0: 0.0,
  Z1s_q1: 0.0, Z2s_q0: 0.0, Z2s_q1: 0.0}
