{E0_q0: 0.7428459446147964, E0_q1: 0.768519661421006, E1_q0: -2.183594943164074, E1_q1: -1.3152654559207442,
  U00_q0: -4.132297071303127, U00_q1: -3.7221164120025225, U10_q0: -0.4247742150148251,
  U10_q1: 0.14866330966359545, U11_q0: 0.10227018865753433, U11_q1: -0.0731014617315806,
  V00_q0: 0.5321389758063958, V00_q1: 0.4468044949261088, V10_q0: 0.07603896046481842,
  V10_q1: 0.09142693381684584, V11_q0: -0.037125856425574304, V11_q1: -0.0312826238123142,
  Y0s_q0: -1.4713810546440187, Y0s_q1: -1.4838171154303514, Y1s_q0: -1.5196777572880258,
  Y1s_q1: -1.4956584796095758, Z0s_q0: 0.0002170709402307422, Z0s_q1: 0.00020184508429538773,
  Z1s_q0: -1.125058515098719e-05, Z1s_q1: -3.3170272486967023e-06}
