{E0_q0: 0.7524504439303645, E0_q1: 0.7777205057165051, E1_q0: -1.9275192596290913,
  E1_q1: -1.197324097695662, U00_q0: -4.008706360603373, U00_q1: -3.619935938273726,
  U10_q0: -0.7915028257696106, U10_q1: 0.06249329788780068, U11_q0: 0.02825449859677085,
  U11_q1: -0.004993573940258186, V00_q0: 0.5490616962743892, V00_q1: 0.4631567833780397,
  V10_q0: 0.17728319445735718, V10_q1: 0.19528988721189208, V11_q0: 0.05567427273022966,
  V11_q1: 0.004801600112514672, Y0s_q0: -1.4823642074771863, Y0s_q1: -1.4917627503701474,
  Y1s_q0: -1.4703673905603765, Y1s_q1: -1.5087293608258885, Z0s_q0: 0.00022247369587725778,
  Z0s_q1: 0.0002067227057615518, Z1s_q0: -6.785607273650397e-06, Z1s_q1: -2.66221897369858e-06}
