{E0_q0: 0.7305053092075104, E0_q1: 0.7564947082697405, E1_q0: -0.7000000000000001,
  E1_q1: -0.8000000000000002, E2_q0: -0.7, E2_q1: -0.8, Y0s_q0: -1.4589030517838821,
  Y0s_q1: -1.4597344399711043, Y1s_q0: 0.0, Y1s_q1: 0.0, Y2s_q0: 0.0, Y2s_q1: 0.0,
  Z0s_q0: 0.00021358304282845304, Z0s_q1: 0.00019843965192641093, Z1s_q0: 0.0, Z1s_q1: 0.0,
  Z2s_q0: 0.0, Z2s_q1: 0.0}
