{E0_q0: 0.7339424323701279, E0_q1: 0.7602263922221194, E1_q0: -0.5036306877273092,
  E1_q1: -0.9150088068889508, E2_q0: -0.6957904348115189, E2_q1: -0.8059297880702648,
  U00_q0: -4.4492275260096115, U00_q1: -4.031332457571771, U10_q0: 0.1655781319988022,
  U10_q1: -1.0080442040761466, U11_q0: -4.749524782650047e-06, U11_q1: 2.1234743498190958e-06,
  U20_q0: -0.005736263992006641, U20_q1: 0.0011277236161087642, U21_q0: 9.811505180074445e-09,
  U21_q1: -3.965720367483696e-08, U22_q0: 1.947324815380871e-11, U22_q1: -9.741903115591891e-12,
  V00_q0: 0.5722209354666545, V00_q1: 0.4762364976505376, V10_q0: -0.01739057875580706,
  V10_q1: 0.02046072494112118, V11_q0: -0.0015145523908183084, V11_q1: 0.0006353483512008633,
  V20_q0: -0.015284967172138337, V20_q1: 0.007226814026021174, V21_q0: 3.1567511455123226e-05,
  V21_q1: -0.00013260207422744082, V22_q0: 4.314594754764934e-05, V22_q1: -1.5330488164515962e-05,
  Y0s_q0: -1.4489723673852164, Y0s_q1: -1.4586956920989882, Y1s_q0: -1.5024719935401698,
  Y1s_q1: -1.4971999403737422, Y2s_q0: -1.4997694628094742, Y2s_q1: -1.4982629080575387,
  Z0s_q0: 0.00021412533697030378, Z0s_q1: 0.00019928846998613602, Z1s_q0: -1.1823266684582978e-05,
  Z1s_q1: 4.94000097938455e-06, Z2s_q0: 8.102008277468727e-05, Z2s_q1: 1.814458233540094e-06}
