{E0_q0: 0.7210284491899536, E0_q1: 0.7483031355229957, E1_q0: -1.6968815973469646,
  E1_q1: -1.7022108585485412, U00_q0: -4.3917362561706, U00_q1: -4.5957341305537955,
  U10_q0: 0.16152758665240913, U10_q1: -0.3711105768657368, U11_q0: -0.7703458254318646,
  U11_q1: 4.4429985321340055, V00_q0: 0.9912121766836909, V00_q1: 0.8150953332115908,
  V10_q0: -0.0006567606353105497, V10_q1: -0.007751535730606428, V11_q0: 1.050279318827431,
  V11_q1: -1.147495073955702, Y0s_q0: -1.6058217190252733, Y0s_q1: -1.6116879943816198,
  Y1s_q0: -1.3206470624020088, Y1s_q1: -1.3526129694606377, Z0s_q0: 0.00017915747395183613,
  Z0s_q1: 0.00016685315236557205, Z1s_q0: -0.0001402783346686757, Z1s_q1: 0.0001301419738141522}
