{E0_q0: 0.7416064622844438, E1_q0: -0.6999999999999998, E2_q0: -0.6999999999999997,
  E3_q0: -0.7, Y0s_q0: -1.419312855830295, Y1s_q0: 0.0, Y2s_q0: 0.0, Y3s_q0: 0.0,
  Z0s_q0: 0.00022156113025881052, Z1s_q0: 0.0, Z2s_q0: 0.0, Z3s_q0: 0.0}
