{E0_q0: 0.6568432253920916, E0_q1: 0.6698755907885423, E1_q0: -0.06421475078781548,
  E1_q1: -19.655409434680433, U00_q0: -6.681381441827589, U00_q1: -6.534888913371773,
  U10_q0: 25.703806673643008, U10_q1: 25.911140836678687, U11_q0: 0.004021364188521713,
  U11_q1: -2.444316997018438, V00_q0: 0.8908808110390801, V00_q1: 0.7869573968861951,
  V10_q0: -0.0008478643266068254, V10_q1: -0.04341682355010527, V11_q0: -0.06520517042666074,
  V11_q1: -1.7022227281005733, Y0s_q0: -2.3338422341769576, Y0s_q1: -2.4546712476152264,
  Y1s_q0: -1.8417600212513474, Y1s_q1: -1.0555552060993305, Z0s_q0: 0.00010535579798762368,
  Z0s_q1: 0.00010017776791544278, Z1s_q0: -1.2170124753781108e-05, Z1s_q1: -9.540402548523038e-07}
