{E0_q0: 0.7004425615590779, E0_q1: 0.727823998170325, E1_q0: -1.6381733801061025,
  E1_q1: -2.217826588628749, E2_q0: -5.240052815156481, E2_q1: -2.451947612778638,
  U00_q0: -5.773714944825899, U00_q1: -5.491222514191171, U10_q0: 1.5086477263639289,
  U10_q1: 5.511873643151396, U11_q0: -0.009819606854335212, U11_q1: -0.013688947621597895,
  U20_q0: -2.798339735316813, U20_q1: 0.4120013881464294, U21_q0: -0.4659423124888393,
  U21_q1: -0.039267792470801755, U22_q0: -1.2014748653031837, U22_q1: 2.6620379455638403,
  V00_q0: 1.1040865348449875, V00_q1: 0.871632040337048, V10_q0: -1.4075156067807442,
  V10_q1: -0.17506939357452247, V11_q0: 0.07830329229190515, V11_q1: -0.09860962591242738,
  V20_q0: -0.3810766155745996, V20_q1: -0.006297772298179213, V21_q0: -0.5423951696385381,
  V21_q1: -0.09509284775844057, V22_q0: 0.7846019075204829, V22_q1: -1.1437927392044365,
  Y0s_q0: -1.680225173688864, Y0s_q1: -1.7435062264656966, Y1s_q0: -3.2789678242199862,
  Y1s_q1: 0.2581653751705924, Y2s_q0: -1.132912943241266, Y2s_q1: -1.272498651059152,
  Z0s_q0: 0.0001593091034711805, Z0s_q1: 0.0001465830978741817, Z1s_q0: -4.621430191326213e-05,
  Z1s_q1: -2.081924117937801e-05, Z2s_q0: 0.0001644657755680064, Z2s_q1: -0.00015926818831888006}
