{E0_q0: 0.7475287738001163, E0_q1: 0.7728962648172394, E1_q0: -0.4154003454688703,
  E1_q1: -1.712084695690846, U00_q0: -4.18260016901973, U00_q1: -3.855662821436684,
  U10_q0: 2.3167243177403853, U10_q1: -2.2652295390302295, U11_q0: 1.2362258484588486e-06,
  U11_q1: 3.573847793937496e-05, V00_q0: 0.5024782639674501, V00_q1: 0.42058363792594833,
  V10_q0: 0.39591882865080474, V10_q1: 0.385155293673643, V11_q0: 0.001051105881301838,
  V11_q1: -0.0018514518093785686, Y0s_q0: -1.4757706898353167, Y0s_q1: -1.4869197279631572,
  Y1s_q0: -1.4973291390867778, Y1s_q1: -1.5150761846701595, Z0s_q0: 0.0002163018243763228,
  Z0s_q1: 0.00020091216639456385, Z1s_q0: 7.089118771987774e-07, Z1s_q1: 1.6536748796977919e-06}
