{E0_q0: 0.8406638245911916, E0_q1: 0.8759785909706184, E1_q0: -0.6587903917804908,
  E1_q1: -0.7142759107116503, Y0s_q0: -1.5000132507803146, Y0s_q1: -1.500238962179069,
  Y1s_q0: -1.5741842331042646, Y1s_q1: -1.5397164933915706, Z0s_q0: 1.968485335559848e-06,
  Z0s_q1: 3.4969804550956928e-06, Z1s_q0: 0.00022385966656011507, Z1s_q1: 0.00021781259705971778}
