{E0_q0: 0.7453663008041942, E0_q1: 0.7557902516093624, E1_q0: -1.1931277185019453,
  E1_q1: -2.1097375913106293, E2_q0: -0.571912930840162, E2_q1: -0.8314109044493362,
  U00_q0: -4.515446677846925, U00_q1: -4.1904307515073995, U10_q0: -0.6828579755319797,
  U10_q1: -0.5552031166772448, U11_q0: -0.002615107871486193, U11_q1: 0.09522396658365466,
  U20_q0: -1.4846713285687587, U20_q1: 0.461626630120996, U21_q0: -0.07075360003348989,
  U21_q1: 0.45081565779354066, U22_q0: -5.485640139676004e-07, U22_q1: 0.002668118357660597,
  V00_q0: 1.2303658259794417, V00_q1: 1.130708731838193, V10_q0: 0.021686680747063404,
  V10_q1: 0.07107662739880496, V11_q0: 0.10730154709933956, V11_q1: -0.4112357461810447,
  V20_q0: 0.027999214033350584, V20_q1: 0.04044801076642554, V21_q0: -0.13995799923960947,
  V21_q1: -0.24261068464072016, V22_q0: 0.0014869588776955916, V22_q1: 0.12776591138625318,
  Y0s_q0: -1.7656153962402645, Y0s_q1: -1.805784999708468, Y1s_q0: -0.637067453636542,
  Y1s_q1: -0.9064180180089513, Y2s_q0: -0.7675410819246499, Y2s_q1: 0.6458561769534383,
  Z0s_q0: 0.00020845451940753397, Z0s_q1: 0.00019828094263091753, Z1s_q0: -6.978190971412966e-05,
  Z1s_q1: 5.0352634742786315e-05, Z2s_q0: -0.00012149184094452047, Z2s_q1: -0.00010020560846442699}
