{E0_q0: 0.7401608031756125, E0_q1: 0.7658553109913588, E1_q0: -1.4069241721933736,
  E1_q1: -1.3277721380482588, U00_q0: -4.260490375851884, U00_q1: -3.679044303111874,
  U10_q0: -4.473166699766011, U10_q1: 0.8825694597878063, U11_q0: 0.038561533839247,
  U11_q1: 0.1368486213240012, V00_q0: 0.5574615198309718, V00_q1: 0.46805309657267574,
  V10_q0: -0.3626469328965109, V10_q1: -0.3708737129438096, V11_q0: -0.3492268685527041,
  V11_q1: 0.15885446010220083, Y0s_q0: -1.4599576121746687, Y0s_q1: -1.472592052868341,
  Y1s_q0: -1.4133043198706507, Y1s_q1: -1.4697611823760335, Z0s_q0: 0.0002150297809259364,
  Z0s_q1: 0.0001998675475030496, Z1s_q0: 1.1979239060116839e-05, Z1s_q1: 9.096608491519766e-06}
