{E0_q0: 0.7563066530203242, E0_q1: 0.781382018135724, E1_q0: -1.1262068540325507,
  E1_q1: -2.610771342619601, U00_q0: -4.351182617917104, U00_q1: -3.8081581649290257,
  U10_q0: 0.808426322248772, U10_q1: -0.9828855201443837, U11_q0: 8.618099457846392e-08,
  U11_q1: -2.433439391563482e-05, V00_q0: 1.0079182816678163, V00_q1: 0.8350189346381656,
  V10_q0: 0.6381054143933105, V10_q1: 0.8841590624277001, V11_q0: -0.00033312603798297413,
  V11_q1: -0.005295114127594325, Y0s_q0: -1.5126134293747489, Y0s_q1: -1.5235807459052915,
  Y1s_q0: 0.018321709826208763, Y1s_q1: -0.0577675566447713, Z0s_q0: 0.0002204077000123569,
  Z0s_q1: 0.0002044908309259368, Z1s_q0: 1.190697906839617e-06, Z1s_q1: 3.621838999533742e-06}
