{E0_q0: 0.7377567203444079, E0_q1: 0.7471614718696373, E1_q0: -0.6922424532098963,
  E1_q1: -0.9162788162372649, Z0s_q0: 0.00021026303605267303, Z0s_q1: 0.00020102154597442787,
  Z1s_q0: 8.152332315405359e-05, Z1s_q1: 8.069585366609892e-05}
