{E0_q0: 0.7503831051968567, E0_q1: 0.7617175964547351, E1_q0: -0.6999999999999996,
  E1_q1: -0.7999999999999999, V00_q0: 1.1720471687371727, V00_q1: 1.0840588562876474,
  V10_q0: 0.0, V10_q1: 0.0, V11_q0: 0.0, V11_q1: 0.0, Y0s_q0: -1.627763783303928,
  Y0s_q1: -1.635304836169553, Y1s_q0: -2.432996621970582e-16, Y1s_q1: 2.2188943897190832e-16,
  Z0s_q0: 0.0002095568782656819, Z0s_q1: 0.00020225988157250569, Z1s_q0: 0.0, Z1s_q1: 0.0}
