{E0_q0: 0.7177669328045875, E0_q1: 0.7296086659385795, E1_q0: -0.7, E1_q1: -0.7995792455460382,
  Y0s_q0: -1.7092379690714776, Y0s_q1: -1.7354969704249004, Y1s_q0: 3.0165261578990773e-16,
  Y1s_q1: 7.678930226597553e-06, Z0s_q0: 0.00021337354567054715, Z0s_q1: 0.00020548275377256113,
  Z1s_q0: 0.0, Z1s_q1: -2.1811163957272348e-08}
