{E0_q0: 0.7322508114430655, E0_q1: 0.7580756244457456, E1_q0: -0.6920507954969716,
  E1_q1: -0.6454499347212806, U00_q0: -4.256256010882899, U00_q1: -3.839807002306338,
  U10_q0: 0.8079601408110166, U10_q1: 0.6466450829907305, U11_q0: 0.004010116147948451,
  U11_q1: -0.013480436135499265, V00_q0: 0.5729877910801534, V00_q1: 0.4787628297917844,
  V10_q0: 0.008491370939179232, V10_q1: 0.015123817398987301, V11_q0: 0.028273720531540175,
  V11_q1: 0.04800299877343191, Y0s_q0: -1.4343721810437695, Y0s_q1: -1.4522221493482323,
  Y1s_q0: -2.3825294925608014, Y1s_q1: -2.333606674177229, Z0s_q0: 0.000209991491203696,
  Z0s_q1: 0.00019533985502760955, Z1s_q0: 0.00012191230077386505, Z1s_q1: 0.0001156317351629331}
