{E0_q0: 0.7455726028974039, E0_q1: 0.7569793924020192, E1_q0: 0.5204354612749679,
  E1_q1: -2.6854585174407277, U00_q0: -4.6506611421587385, U00_q1: -4.351298742868229,
  U10_q0: -0.015069825395600128, U10_q1: -0.5391486043408423, U11_q0: 5.926737705247457e-08,
  U11_q1: -1.1569529806941463e-06, V00_q0: 0.5604170707687959, V00_q1: 0.5142612345925707,
  V10_q0: -0.0005068125953382609, V10_q1: -0.1356661144312406, V11_q0: -0.0003806467642422126,
  V11_q1: 0.0007660180921506827, Y0s_q0: -1.584435428021169, Y0s_q1: -1.5916392653604254,
  Y1s_q0: -1.5009818304978266, Y1s_q1: -1.5034665353670984, Z0s_q0: 0.00021200709015764158,
  Z0s_q1: 0.00020475661107883828, Z1s_q0: 1.6227366815827976e-05, Z1s_q1: -8.105177801626198e-07}
