{E0_q0: 0.7170163265732039, E0_q1: 0.7437728923336906, E1_q0: -1.8764555868245159,
  E1_q1: -1.9046697938268136, U00_q0: -4.690218702692779, U00_q1: -5.636450287842534,
  U10_q0: 0.08518412161137423, U10_q1: -0.14039279929917192, U11_q0: -1.825992215697418,
  U11_q1: 3.3668966231842212, V00_q0: 1.0065810169857434, V00_q1: 0.8067059543007963,
  V10_q0: 0.001317040428614307, V10_q1: -0.0010319827213252474, V11_q0: 1.3133947138446427,
  V11_q1: -1.3658201855457024, Y0s_q0: -1.6745064699720984, Y0s_q1: -1.7114813204943746,
  Y1s_q0: -1.1998750656410018, Y1s_q1: -1.1733902511565668, Z0s_q0: 0.00017312600812192542,
  Z0s_q1: 0.0001597176236136408, Z1s_q0: 0.00014709587193958707, Z1s_q1: -0.0001382593301316212}
