{E0_q0: 0.7322330466795162, E0_q1: 0.7568153693548815, E1_q0: -0.7, E1_q1: -0.8, E2_q0: -0.7,
  E2_q1: -0.8, Z0s_q0: 0.00021693546714979744, Z0s_q1: 0.00020110697887850814, Z1s_q0: 0.0,
  Z1s_q1: 0.0, Z2s_q0: 0.0, Z2s_q1: 0.0}
