{E0_q0: 0.7290650167331378, E0_q1: 0.754507893755053, E1_q0: -0.368367000182863, E1_q1: -0.3847326575145351,
  U00_q0: -4.503707964872631, U00_q1: -4.067897191301727, U10_q0: 0.039934623735964445,
  U10_q1: 0.024525084358827994, U11_q0: 0.002491862412521875, U11_q1: -0.0028895671336041486,
  V00_q0: 0.5820192697477895, V00_q1: 0.48027474156733135, V10_q0: 0.0014752201819261573,
  V10_q1: 0.02694640939550485, V11_q0: 0.010733650790192827, V11_q1: 0.010472571761048016,
  Y0s_q0: -1.4569534432995535, Y0s_q1: -1.4800598899203319, Y1s_q0: -0.46104050511327216,
  Y1s_q1: -0.1376303161952278, Z0s_q0: 0.00021138693738806684, Z0s_q1: 0.0001960799955903578,
  Z1s_q0: 0.00014824400880227817, Z1s_q1: 0.00013780632249164247}
