{E0_q0: 0.7400169406520295, E0_q1: 0.765771122926957, E1_q0: -1.8369435863323305,
  E1_q1: -1.7534794691944267, U00_q0: -4.224200869806946, U00_q1: -3.4724703965408583,
  U10_q0: -3.7474095462096493, U10_q1: 1.4608545859755082, U11_q0: 0.4250580740869829,
  U11_q1: -0.09857052923957417, V00_q0: 0.5831112276371491, V00_q1: 0.4906043205734921,
  V10_q0: -0.4244910594676812, V10_q1: -0.43272467703391276, V11_q0: -0.2608439162255817,
  V11_q1: 0.07743636473494962, Y0s_q0: -1.4715698643987796, Y0s_q1: -1.4831928517042032,
  Y1s_q0: -1.3946728443172833, Y1s_q1: -1.5709085563269694, Z0s_q0: 0.0002144230724177195,
  Z0s_q1: 0.00019931752621032126, Z1s_q0: 1.7796819810386183e-05, Z1s_q1: 1.3976685732481596e-05}
