{E0_q0: 0.7424563988035092, E0_q1: 0.7539099228382393, E1_q0: 0.36043591964000615,
  E1_q1: -2.5650591592390497, U00_q0: -4.559596834970765, U00_q1: -4.257529154107561,
  U10_q0: -0.036846381517197824, U10_q1: -0.7196143494692498, U11_q0: 8.84982432276068e-07,
  U11_q1: -1.4430709667911528e-06, V00_q0: 0.5663476309850067, V00_q1: 0.5205406589717245,
  V10_q0: 0.000653150231745179, V10_q1: 0.09319446102416959, V11_q0: -0.0009864369009876836,
  V11_q1: -0.002441267341509472, Y0s_q0: -1.5784303441711156, Y0s_q1: -1.5862779127942728,
  Y1s_q0: -1.4998730718629083, Y1s_q1: -1.5079652850675533, Z0s_q0: 0.00021051693398711234,
  Z0s_q1: 0.0002033234416172784, Z1s_q0: -1.0003435594188292e-05, Z1s_q1: 1.0655144245795834e-06}
