{E0_q0: 0.7383006039657369, E0_q1: 0.7639871472737947, E1_q0: 0.5078469838494143,
  E1_q1: 0.0671530217522635, U00_q0: -4.325325684104183, U00_q1: -3.867563465021452,
  U10_q0: 3.5619564840217177, U10_q1: 0.26203784543418646, U11_q0: -4.914033725856353e-06,
  U11_q1: 7.108392143006056e-06, V00_q0: 0.5627227835301115, V00_q1: 0.47085650592086065,
  V10_q0: -0.09461332480597272, V10_q1: 0.15732693196932254, V11_q0: 0.0013314573156673574,
  V11_q1: 0.0008821893547840342, Y0s_q0: -1.4569669460338464, Y0s_q1: -1.4669672298171346,
  Y1s_q0: -1.4605905898675966, Y1s_q1: -1.5068098960145626, Z0s_q0: 0.000215892592496461,
  Z0s_q1: 0.00020060883786014307, Z1s_q0: -5.9559507270210385e-05, Z1s_q1: 1.736981272367187e-05}
