{E0_q0: 0.7374038836823488, E0_q1: 0.7632198124896912, E1_q0: -1.836419006647495,
  E1_q1: -0.8149938206130324, U00_q0: -4.343696248406011, U00_q1: -3.8765288646063802,
  U10_q0: 0.13072146210790506, U10_q1: -0.05250270065301073, U11_q0: 0.08220356338709978,
  U11_q1: 0.005258219506195849, V00_q0: 0.5635227114840916, V00_q1: 0.4697613917661279,
  V10_q0: 0.09855553136083532, V10_q1: 0.10944929862831584, V11_q0: 0.04870828633956813,
  V11_q1: -0.0004047785071536151, Y0s_q0: -1.4736858824455512, Y0s_q1: -1.4854688325088645,
  Y1s_q0: -1.4806342975432631, Y1s_q1: -1.5079417442290262, Z0s_q0: 0.00021482332321075967,
  Z0s_q1: 0.00019959795070087299, Z1s_q0: -8.82157389889416e-06, Z1s_q1: -3.1092632920891873e-06}
