{E0_q0: 0.7317897932553497, E0_q1: 0.7572138986106921, E1_q0: 2.3855332736306183,
  E1_q1: -0.800000389187, U00_q0: -3.540304481604821, U00_q1: -3.6329178127825674,
  U10_q0: 0.0005833372230465963, U10_q1: 0.04699426051594884, U11_q0: 3.8332644090660945e-12,
  U11_q1: -3.3986989732271745e-12, V00_q0: 0.4185971343006607, V00_q1: 0.37376845567239736,
  V10_q0: -3.1168570797868025, V10_q1: 0.004263034819683711, V11_q0: -1.4814735819099128e-06,
  V11_q1: -5.039266115188108e-10, Y0s_q0: -1.4863393332756025, Y0s_q1: -1.5041598807740382,
  Y1s_q0: -1.4999869115744604, Y1s_q1: -1.4999999124481713, Z0s_q0: -5.7513677690928815e-05,
  Z0s_q1: -5.338703722872059e-05, Z1s_q0: -7.085156504412877e-05, Z1s_q1: 2.2133002006609383e-08}
