{E0_q0: 0.7494439971328206, E0_q1: 0.7753823317800332, E1_q0: -1.5351265082127685,
  E1_q1: -1.4175321116368456, U00_q0: -3.9361569519298274, U00_q1: -3.41002966454736,
  U10_q0: 0.007742947971357321, U10_q1: 0.2956118651625378, U11_q0: -0.07008373479253471,
  U11_q1: 0.07213110964854805, V00_q0: 0.9781349213878432, V00_q1: 0.8310225454083923,
  V10_q0: 9.280217068608438e-05, V10_q1: 0.004234151687222383, V11_q0: 0.20412814179608602,
  V11_q1: -0.2094537997996882, Y0s_q0: -1.6015592917374548, Y0s_q1: -1.5934024697989635,
  Y1s_q0: 0.09009859422529547, Y1s_q1: -0.3265678980280305, Z0s_q0: 0.00021382231661507589,
  Z0s_q1: 0.0001987037764582717, Z1s_q0: 6.082469785469006e-05, Z1s_q1: -5.7649814582883266e-05}
