{E0_q0: 0.7389935692812316, E1_q0: -0.7000000000000002, E2_q0: -0.7000000000000001,
  E3_q0: -0.7, V00_q0: 1.2452372116649582, Y0s_q0: -1.6372523982894867, Y1s_q0: 0.0,
  Y2s_q0: 0.0, Y3s_q0: 0.0, Z0s_q0: 0.0002138995934420307, Z1s_q0: 0.0, Z2s_q0: 0.0,
  Z3s_q0: 0.0}
