{E0_q0: 0.7429159080514688, E0_q1: 0.7543627536312281, E1_q0: 0.3393200857403392,
  E1_q1: -2.526257218636587, U00_q0: -4.537331189974163, U00_q1: -4.236699781180537,
  U10_q0: -0.05868030223522277, U10_q1: -0.7058172666398285, U11_q0: 1.5065380741819056e-06,
  U11_q1: 6.35812107537167e-06, V00_q0: 0.5641742246251987, V00_q1: 0.5187668350918943,
  V10_q0: -0.000625302168999848, V10_q1: -0.08929004462820009, V11_q0: -0.0013778491787622864,
  V11_q1: -0.001860249329360572, Y0s_q0: -1.5812680631600229, Y0s_q1: -1.588830523541889,
  Y1s_q0: -1.4999937127242926, Y1s_q1: -1.5069605899995333, Z0s_q0: 0.00021093234373933506,
  Z0s_q1: 0.00020371742254868621, Z1s_q0: 9.529205145146054e-06, Z1s_q1: -1.0408982335006135e-06}
