{E0_q0: 0.7479711793447872, E0_q1: 0.7593439187884848, E1_q0: -0.7000000000000001,
  E1_q1: -0.7999999999999997, V00_q0: 1.0168489534296956, V00_q1: 0.9269027957869573,
  V10_q0: 0.0, V10_q1: 0.0, V11_q0: 0.0, V11_q1: 0.0, Y0s_q0: -1.6876237441453428,
  Y0s_q1: -1.6972107706508996, Y1s_q0: -3.9576435231986324e-17, Y1s_q1: 3.172514181789084e-16,
  Z0s_q0: 0.0002006850268391298, Z0s_q1: 0.00019348694148474887, Z1s_q0: 0.0, Z1s_q1: 0.0}
