{E0_q0: 0.7430645557537937, E0_q1: 0.7685627436608287, E1_q0: 2.1288860815835755,
  E1_q1: -4.254906254752107, U00_q0: -4.8214817491776545, U00_q1: -4.659810232254759,
  U10_q0: -0.06985822030528671, U10_q1: 1.9115569200377358, U11_q0: 4.420731310908472e-11,
  U11_q1: 3.0248023512445836e-11, V00_q0: 0.5547377385514201, V00_q1: 0.43758179775119743,
  V10_q0: 0.07081639224577793, V10_q1: 0.4179502770631636, V11_q0: 4.333468494063936e-12,
  V11_q1: -1.5080557412973126e-11, Y0s_q0: -1.4762600719597256, Y0s_q1: -1.4908669245073056,
  Y1s_q0: -1.5006833922467797, Y1s_q1: -1.5228733429990644, Z0s_q0: 0.00021389541514437734,
  Z0s_q1: 0.00019842199354060596, Z1s_q0: -1.2982242299940774e-05, Z1s_q1: 9.073963528440768e-06}
