{E0_q0: 0.7541259925152235, E0_q1: 0.7654039489943075, E1_q0: -0.6999999999999983,
  E1_q1: -0.7999999999999998, V00_q0: 1.0918613484443203, V00_q1: 0.9968720354328824,
  V10_q0: 0.0, V10_q1: 0.0, V11_q0: 0.0, V11_q1: 0.0, Y0s_q0: -1.681047668915847,
  Y0s_q1: -1.6878119200131594, Y1s_q0: -3.514774565214931e-16, Y1s_q1: 0.0, Z0s_q0: 0.000210636293679537,
  Z0s_q1: 0.00020313132109895732, Z1s_q0: 0.0, Z1s_q1: 0.0}
