{E0_q0: 0.7399488024853094, E0_q1: 0.7656797497013496, E1_q0: -1.7698187365611973,
  E1_q1: -1.3293593228357128, U00_q0: -4.310495838629219, U00_q1: -3.8470204220243667,
  U10_q0: -0.8572819314274109, U10_q1: 1.2690206494690237, U11_q0: -0.10135898130710948,
  U11_q1: 0.008787361751183671, V00_q0: 0.5694766157726974, V00_q1: 0.4751375571792736,
  V10_q0: 0.15843306272265603, V10_q1: 0.17170006117541958, V11_q0: -0.004494714346928285,
  V11_q1: 0.010814775652441808, Y0s_q0: -1.480447589649914, Y0s_q1: -1.4928171093260156,
  Y1s_q0: -1.4406387989854323, Y1s_q1: -1.5062082559300778, Z0s_q0: 0.0002155530189231621,
  Z0s_q1: 0.00020024695956267436, Z1s_q0: -1.0157889231917522e-05, Z1s_q1: -5.459350075734717e-06}
