{E0_q0: 0.744362105254834, E0_q1: 0.7699556675022039, E1_q0: -2.072912061983052, E1_q1: -1.0256464795808675,
  U00_q0: -4.219242600462678, U00_q1: -3.794377203677749, U10_q0: -0.17736059869223503,
  U10_q1: 0.5534859700064528, U11_q0: 0.15976039329426284, U11_q1: 0.053014798676090595,
  V00_q0: 0.563712976456907, V00_q1: 0.47173068535932705, V10_q0: -0.09334759450761171,
  V10_q1: -0.1063691177658856, V11_q0: -0.06139725387462973, V11_q1: 0.007266373793479339,
  Y0s_q0: -1.4832064779690528, Y0s_q1: -1.494519851804385, Y1s_q0: -1.506918215278852,
  Y1s_q1: -1.4919867850879516, Z0s_q0: 0.0002194931923460931, Z0s_q1: 0.00020395939737489571,
  Z1s_q0: 9.665186911060974e-06, Z1s_q1: 2.7874563523694593e-06}
