{E0_q0: 0.7298800048543994, E0_q1: 0.7558493634198562, E1_q0: 0.9573638080018055,
  E1_q1: -0.9008097702293151, E2_q0: -0.7089954273398663, E2_q1: -0.9506089322536982,
  U00_q0: -4.445196336836179, U00_q1: -4.027755234248791, U10_q0: -0.05206881028107863,
  U10_q1: -0.5076756362299762, U11_q0: -4.313250499663771e-18, U11_q1: -9.167777184246014e-07,
  U20_q0: -0.02909300861271979, U20_q1: -0.43634938969544007, U21_q0: 6.461622434998615e-18,
  U21_q1: -3.1473172421054107e-07, U22_q0: 2.9980731160706697e-18, U22_q1: -8.647956827032134e-09,
  V00_q0: 0.5436717144485083, V00_q1: 0.4519316028697068, V10_q0: -0.08336114484349035,
  V10_q1: 0.007511343333534153, V11_q0: 1.2246663560063672e-10, V11_q1: 0.00047848818097379287,
  V20_q0: 0.1623316405636895, V20_q1: -0.09209146742779738, V21_q0: -1.7709610181729697e-10,
  V21_q1: -0.0001817571064612364, V22_q0: 7.416034348850206e-12, V22_q1: 2.2515667880899918e-05,
  Y0s_q0: -1.4398489945653379, Y0s_q1: -1.45115561251222, Y1s_q0: -1.500314993205597,
  Y1s_q1: -1.5520792353360087, Y2s_q0: -1.5001815373823912, Y2s_q1: -1.5419158244778803,
  Z0s_q0: 0.00019673539656590072, Z0s_q1: 0.00018284543546846703, Z1s_q0: -0.0004570691334846151,
  Z1s_q1: 1.5386862791248917e-06, Z2s_q0: -0.0003105685756849993, Z2s_q1: -1.1846343650843735e-05}
