{E0_q0: 0.7363496019063455, E0_q1: 0.7622270754722196, E1_q0: -1.0206118351170705,
  E1_q1: -0.43983517059820276, E2_q0: -0.6999999999999998, E2_q1: -0.7999999999999998,
  E3_q0: -0.6999999999999998, E3_q1: -0.7999999999999997, U00_q0: -4.2236336884485945,
  U00_q1: -3.853389320285216, U10_q0: -0.9648531861737593, U10_q1: 1.5414892332027543,
  U11_q0: 0.002201916326153824, U11_q1: -0.0015093253698804632, U20_q0: 4.125444265734041e-16,
  U20_q1: 1.6152091893747985e-21, U21_q0: 5.774384304079491e-16, U21_q1: -1.3798721159221861e-27,
  U22_q0: 2.7703804704504723e-19, U22_q1: -1.2382851489510665e-51, U30_q0: 5.395700043770548e-13,
  U30_q1: 5.395697796303246e-13, U31_q0: 5.395698934377624e-13, U31_q1: 5.395698937119727e-13,
  U32_q0: 5.395698940687978e-13, U32_q1: 5.395698940687978e-13, U33_q0: 5.395698940687978e-13,
  U33_q1: 5.395698940687978e-13, V00_q0: 0.5703162080631774, V00_q1: 0.47743653266477415,
  V10_q0: 0.11170336172776697, V10_q1: 0.12203091257621032, V11_q0: 0.045117922243918133,
  V11_q1: -0.014792823641316854, V20_q0: 3.655011175372652e-11, V20_q1: -3.732170889806369e-11,
  V21_q0: 5.759757172783895e-13, V21_q1: -4.4347234225048405e-14, V22_q0: 2.911614965650238e-24,
  V22_q1: 5.063048811755026e-26, V30_q0: -2.2090625519657221e-10, V30_q1: 2.3918344744215495e-10,
  V31_q0: -1.133396456444798e-12, V31_q1: 8.80709522497762e-13, V32_q0: 6.474838727113671e-14,
  V32_q1: 5.395568147941462e-14, V33_q0: 6.474838731584324e-14, V33_q1: 5.395658787559892e-14,
  Y0s_q0: -1.4637558846721872, Y0s_q1: -1.4717224154597361, Y1s_q0: 0.1822436864874624,
  Y1s_q1: -0.07332686203157801, Y2s_q0: 1.1898329920462538e-16, Y2s_q1: 2.0924696352982523e-18,
  Y3s_q0: 1.6137446139499404e-13, Y3s_q1: 1.6186406562328112e-13, Z0s_q0: 0.0002146174101042348,
  Z0s_q1: 0.000199473646672696, Z1s_q0: -1.226905569262925e-05, Z1s_q1: -1.175243777003426e-05,
  Z2s_q0: 2.0814641190171256e-14, Z2s_q1: -1.1300454357694771e-15, Z3s_q0: 1.967870280170282e-14,
  Z3s_q1: -7.982634267058057e-15}
