{E0_q0: 0.7554393599207867, E0_q1: 0.7804826467769337, E1_q0: 0.5846809518109014,
  E1_q1: -2.7643199840648136, U00_q0: -4.3148384895869825, U00_q1: -3.9789093226610976,
  U10_q0: 0.015450081132720256, U10_q1: 1.2785974543172416, U11_q0: 5.431266012643231e-07,
  U11_q1: -0.006867347837206695, V00_q0: 0.5875284155832892, V00_q1: 0.4873849973459394,
  V10_q0: 0.003573224423902111, V10_q1: -0.13221747341927712, V11_q0: 0.00027953041829365845,
  V11_q1: -0.059066580894517814, Y0s_q0: -1.4915203627757248, Y0s_q1: -1.4966409865448904,
  Y1s_q0: -1.4903004525517025, Y1s_q1: -1.4836553970303175, Z0s_q0: 0.00022677989572087083,
  Z0s_q1: 0.0002104262351268278, Z1s_q0: 4.9618285598790567e-05, Z1s_q1: -9.453716806815651e-06}
