{E0_q0: 0.7245578188075696, E0_q1: 0.7363223055930019, E1_q0: -1.2935564829730606,
  E1_q1: -1.3044389379358616, U00_q0: -4.7685368992766435, U00_q1: -4.299306344983723,
  U10_q0: 5.564921144546442, U10_q1: -1.180518025941696, U11_q0: 0.697323418076117,
  U11_q1: -1.9789049994145773, V00_q0: 0.583880908223426, V00_q1: 0.5355320823661809,
  V10_q0: -0.014520310962623259, V10_q1: -0.015029094622742815, V11_q0: 0.15270294151352648,
  V11_q1: 0.15050935028909387, Y0s_q0: -1.6663185238869183, Y0s_q1: -1.6692337909712216,
  Y1s_q0: -1.3007740555496143, Y1s_q1: -1.346524126264573, Z0s_q0: 0.00018824441245130733,
  Z0s_q1: 0.00018151582864841132, Z1s_q0: -0.0001264789609417256, Z1s_q1: -0.00012306883999571575}
