{E0_q0: 0.7390449921567225, E0_q1: 0.7648454218725416, E1_q0: -2.029928742408817,
  E1_q1: -1.8332550938680174, U00_q0: -4.247449349289898, U00_q1: -3.8069316307160608,
  U10_q0: -0.2648392618242744, U10_q1: 0.8126678253906289, U11_q0: 0.24269416773728855,
  U11_q1: 0.22070981678842186, V00_q0: 0.582517123732932, V00_q1: 0.486400272658655,
  V10_q0: -0.20585319246043915, V10_q1: -0.22060458504553435, V11_q0: -0.12635105453967163,
  V11_q1: 0.02457802162976276, Y0s_q0: -1.4683994735628214, Y0s_q1: -1.4808540073775875,
  Y1s_q0: -1.465685882332062, Y1s_q1: -1.5226876673395329, Z0s_q0: 0.00021466153645652612,
  Z0s_q1: 0.0001995905607146196, Z1s_q0: 1.4959545136431185e-05, Z1s_q1: 9.97795634098752e-06}
