{E0_q0: 0.7299418280468216, E0_q1: 0.7563662043684117, E1_q0: -0.6831412874570536,
  E1_q1: -0.7688073964048002, E2_q0: -0.7061366189279888, E2_q1: -0.7976939575302237,
  E3_q0: -0.7000000000327299, E3_q1: -0.7999999999999907, U00_q0: -4.426756703632438,
  U00_q1: -4.018535367842514, U10_q0: 0.7008739163627598, U10_q1: -0.6627229578657378,
  U11_q0: 0.015270874581409908, U11_q1: 0.008016574184344306, U20_q0: 0.10865585195925698,
  U20_q1: 0.08156185578231787, U21_q0: 9.301391450680116e-05, U21_q1: 9.472887304408024e-05,
  U22_q0: 2.035753726094653e-10, U22_q1: 2.3666935027878632e-11, U30_q0: 2.1712115440788096e-16,
  U30_q1: -6.018634713533417e-31, U31_q0: -4.828317468623721e-16, U31_q1: -2.8105778889545476e-32,
  U32_q0: -1.1116980247313464e-15, U32_q1: 1.610034951227097e-34, U33_q0: -2.427360542012493e-15,
  U33_q1: 6.955746886778037e-44, V00_q0: 0.5750130872671826, V00_q1: 0.4785809418250542,
  V10_q0: 0.012765463183970921, V10_q1: 0.017799937337078815, V11_q0: 0.04334642045438536,
  V11_q1: -0.007032654185980038, V20_q0: -0.05266322184328195, V20_q1: 0.06956613485242547,
  V21_q0: -0.002209098986801266, V21_q1: 0.00200787885624378, V22_q0: 5.363295636717324e-06,
  V22_q1: -1.3604928877451823e-07, V30_q0: -1.5473921567250429e-16, V30_q1: 2.7323732281112064e-17,
  V31_q0: -2.4965587863248058e-17, V31_q1: 1.6478429698595095e-16, V32_q0: 1.0102168668238426e-16,
  V32_q1: -6.922503276873753e-18, V33_q0: 8.92933343756625e-17, V33_q1: 3.3006983786048916e-17,
  Y0s_q0: -1.4448593043809193, Y0s_q1: -1.4699014643964523, Y1s_q0: -1.7568732394941018,
  Y1s_q1: -1.2050738267998289, Y2s_q0: -1.509303337562858, Y2s_q1: -1.5074915790124144,
  Y3s_q0: -1.4999999999999984, Y3s_q1: -1.5000000000000002, Z0s_q0: 0.00020977069292376887,
  Z0s_q1: 0.0001951060361572327, Z1s_q0: 0.00011406781802289423, Z1s_q1: 9.921390606777554e-05,
  Z2s_q0: -7.327206119691741e-06, Z2s_q1: -5.807158244407054e-06, Z3s_q0: 4.479546009958162e-21,
  Z3s_q1: 1.952726651852451e-20}
