{E0_q0: 0.7491014416670787, E1_q0: -0.699999999999999, E2_q0: -0.6999999999999995,
  E3_q0: -0.7, Y0s_q0: -1.6841515536137097, Y1s_q0: 0.0, Y2s_q0: 0.0, Y3s_q0: 0.0,
  Z0s_q0: 0.00021475003385098816, Z1s_q0: 0.0, Z2s_q0: 0.0, Z3s_q0: 0.0}
