{E0_q0: 0.7240797287881426, E1_q0: -0.6999999999999998, E2_q0: -0.6999999999999998,
  E3_q0: -0.7, V00_q0: 1.2383418667621588, Z0s_q0: 0.00020495935288527902, Z1s_q0: 0.0,
  Z2s_q0: 0.0, Z3s_q0: 0.0}
