{E0_q0: 0.7412374067314935, E0_q1: 0.7527182021048741, E1_q0: -0.11434717475115953,
  E1_q1: -0.11834727050904119, V00_q0: 1.2436780773410658, V00_q1: 1.1375746663376254,
  V10_q0: 0.03463489377221069, V10_q1: -0.021318467129257012, V11_q0: 0.16305293360808862,
  V11_q1: -0.04142466354781412, Y0s_q0: -1.6247903520175966, Y0s_q1: -1.6333379963487635,
  Y1s_q0: 0.05619928946649371, Y1s_q1: -0.08299817051900127, Z0s_q0: 0.00020469633807963184,
  Z0s_q1: 0.00019754679798552517, Z1s_q0: -9.381956008095358e-05, Z1s_q1: 9.388235486996529e-05}
