{E0_q0: 0.7361649047855129, E0_q1: 0.7619846901930722, E1_q0: -1.5185204220486304,
  E1_q1: -0.3247121763280836, U00_q0: -4.286241988329551, U00_q1: -3.8307293994310148,
  U10_q0: 0.035815259475854754, U10_q1: 0.43874594629233205, U11_q0: 0.010761124428449929,
  U11_q1: 0.005724041866452531, V00_q0: 0.5684874541922461, V00_q1: 0.475562645862549,
  V10_q0: 0.09129735523581545, V10_q1: 0.11064982813153436, V11_q0: 0.028753108575254482,
  V11_q1: -0.008468253085886963, Y0s_q0: -1.460166544250142, Y0s_q1: -1.4733200628829122,
  Y1s_q0: -1.4866516512222006, Y1s_q1: -1.5011788899587737, Z0s_q0: 0.00021375123363900702,
  Z0s_q1: 0.0001986287211227632, Z1s_q0: -6.739187915995921e-06, Z1s_q1: -2.599768181020107e-06}
