{E0_q0: 0.7289685606165797, E0_q1: 0.7407854344374746, E1_q0: -1.9038935427700214,
  E1_q1: -1.9084261060288763, U00_q0: -4.493398428475481, U00_q1: -3.8649758182067355,
  U10_q0: -5.6820496982226745, U10_q1: 2.3985744236389377, U11_q0: 0.10297521791897934,
  U11_q1: 0.39545676620974535, V00_q0: 0.6289422990243251, V00_q1: 0.5804009859362304,
  V10_q0: -0.0413174657698012, V10_q1: -0.04139530503909809, V11_q0: -0.0390445083621354,
  V11_q1: -0.035749152766419094, Y0s_q0: -1.6334221108935438, Y0s_q1: -1.6242372166610526,
  Y1s_q0: -1.2792599454201452, Y1s_q1: -1.4060883171474958, Z0s_q0: 0.00019109648971145764,
  Z0s_q1: 0.00018463916556131428, Z1s_q0: 9.176533156078391e-05, Z1s_q1: 8.864013116762569e-05}
