{E0_q0: 0.7540526419852895, E0_q1: 0.7652977886100193, E1_q0: -1.2932910540731826,
  E1_q1: -1.6234945883145155, E2_q0: 0.40937715686088816, E2_q1: -2.1979181383837223,
  U00_q0: -4.2687525650913685, U00_q1: -3.890395088873174, U10_q0: -1.837246213280952,
  U10_q1: -0.6665528893155771, U11_q0: -0.16430732589299746, U11_q1: 0.05017433954704483,
  U20_q0: -0.14810676994997463, U20_q1: 0.24852057752689782, U21_q0: 0.05989843339313836,
  U21_q1: 0.5305075478684634, U22_q0: -2.6847186484038555e-13, U22_q1: 0.03327817428716042,
  V00_q0: 1.2112503808898618, V00_q1: 1.1227498786293708, V10_q0: 0.06549502949684988,
  V10_q1: 0.09325785222986283, V11_q0: -0.690725391707156, V11_q1: 0.7069686400868306,
  V20_q0: 0.03892155546008734, V20_q1: 0.01108299367079898, V21_q0: 0.6155925504847912,
  V21_q1: -1.3215442326890108, V22_q0: -9.467878397045317e-07, V22_q1: -0.5963166808100095,
  Y0s_q0: -1.7497069071723146, Y0s_q1: -1.7909605188990287, Y1s_q0: -1.0536303380496346,
  Y1s_q1: -0.01909328572641724, Y2s_q0: -0.012231064213206952, Y2s_q1: 0.16854495123100338,
  Z0s_q0: 0.00021103019494363094, Z0s_q1: 0.00020308786293021574, Z1s_q0: -6.948471214805647e-05,
  Z1s_q1: -3.656860718718152e-05, Z2s_q0: 0.00011549975684945239, Z2s_q1: -5.9610446716036016e-05}
