{E0_q0: 0.7654757483440613, E0_q1: 0.7902646502252727, E1_q0: -1.6360387498101983,
  E1_q1: -3.1046849805267014, U00_q0: -4.18343819927268, U00_q1: -3.811427779170136,
  U10_q0: 0.007052864025381832, U10_q1: -0.20184592017604086, U11_q0: -8.702688154939046e-08,
  U11_q1: -0.00015010399570651229, V00_q0: 0.559847622965024, V00_q1: 0.466976649838632,
  V10_q0: -0.22316809865265305, V10_q1: 0.46394949997526874, V11_q0: -3.788862349825946e-05,
  V11_q1: -0.0003132575537304482, Y0s_q0: -1.5124059737939577, Y0s_q1: -1.5210018390018758,
  Y1s_q0: -1.5005971311857367, Y1s_q1: -1.4861859435234972, Z0s_q0: 0.000228915523338025,
  Z0s_q1: 0.0002124869602520645, Z1s_q0: -1.8290549493984817e-07, Z1s_q1: 2.5906618823443274e-06}
