{E0_q0: 0.7346496707494333, E0_q1: 0.7602595727943217, E1_q0: -0.3163582458304623,
  E1_q1: -2.8344539988105946, U00_q0: -4.429676461872914, U00_q1: -4.124885217370966,
  U10_q0: 0.114102722646316, U10_q1: 1.0955988711489173, U11_q0: 7.68093444797788e-12,
  U11_q1: -0.0009790650346204988, V00_q0: 0.5664641973728404, V00_q1: 0.4655768118867901,
  V10_q0: -0.23959568156254687, V10_q1: 0.11809924287979119, V11_q0: 2.766646282453475e-06,
  V11_q1: -0.01864312882142935, Y0s_q0: -1.4640201604038325, Y0s_q1: -1.4735597047559303,
  Y1s_q0: -1.4842314516417208, Y1s_q1: -1.4289274912835837, Z0s_q0: 0.0002137365299502543,
  Z0s_q1: 0.00019806604809933457, Z1s_q0: -3.8020905865230257e-07, Z1s_q1: 1.3771103431644482e-05}
