{E0_q0: 0.7291985665260051, E0_q1: 0.7408563447756624, E1_q0: -0.9644714228936875,
  E1_q1: -0.9753864581910704, V00_q0: 0.6318990587464954, V00_q1: 0.5803467930765182,
  V10_q0: -0.02494565772036902, V10_q1: 0.010016626181421935, V11_q0: 0.36190876605466815,
  V11_q1: 0.16649125154454622, Y0s_q0: -1.5970794859459359, Y0s_q1: -1.6065606108072046,
  Y1s_q0: -1.479242411072622, Y1s_q1: -1.4546022460122923, Z0s_q0: 0.00020005916742705246,
  Z0s_q1: 0.00019310487149283955, Z1s_q0: 0.00010517068200712268, Z1s_q1: -0.00010218315363924744}
