{E0_q0: 0.7441018240267163, E0_q1: 0.7555284478564424, E1_q0: 0.5563987017945973,
  E1_q1: -2.798206178690436, U00_q0: -4.540895081611879, U00_q1: -4.238625370465798,
  U10_q0: -0.00018455116595236137, U10_q1: -0.6806550847298009, U11_q0: 1.7126727101499873e-08,
  U11_q1: -8.796844992355056e-07, V00_q0: 0.5570626308311776, V00_q1: 0.5120022969332937,
  V10_q0: 0.00029876536021353374, V10_q1: 0.17270221988662424, V11_q0: -0.0001806314112477529,
  V11_q1: 0.0003345078734583406, Y0s_q0: -1.577742284046065, Y0s_q1: -1.5859164177511857,
  Y1s_q0: -1.5001833652975136, Y1s_q1: -1.5062264580755877, Z0s_q0: 0.00021208270661821055,
  Z0s_q1: 0.00020484396902599884, Z1s_q0: -1.3121870752669259e-05, Z1s_q1: 8.194389806573129e-07}
