{E0_q0: 0.7257262370803843, E0_q1: 0.7523973459400859, E1_q0: -1.8884169746102222,
  E1_q1: -1.908604510760353, U00_q0: -4.47312040327288, U00_q1: -5.273476046046143,
  U10_q0: 0.053461227739587044, U10_q1: 0.17762781180998938, U11_q0: -2.22938306186601,
  U11_q1: 4.821240357551156, V00_q0: 1.0175388136366526, V00_q1: 0.8248298208121508,
  V10_q0: 0.001088381568717533, V10_q1: 0.0024370237427155292, V11_q0: 1.1538968941386125,
  V11_q1: -1.2387731433688547, Y0s_q0: -1.6478148476897987, Y0s_q1: -1.66553371800484,
  Y1s_q0: -1.2032566825114972, Y1s_q1: -1.224760363465633, Z0s_q0: 0.00018284591161039034,
  Z0s_q1: 0.00016938461866662538, Z1s_q0: 0.00013532239724934692, Z1s_q1: -0.00012643278489768843}
