{E0_q0: 0.7246569477717572, E0_q1: 0.7364221203931938, E1_q0: -1.1662631762403908,
  E1_q1: -1.1766332146554777, U00_q0: -4.612403400927042, U00_q1: -4.176490659602595,
  U10_q0: 6.0726760798313775, U10_q1: -0.3336899542280255, U11_q0: -0.5207088821486845,
  U11_q1: 1.343095137264592, V00_q0: 0.5832107300453957, V00_q1: 0.5361905675855044,
  V10_q0: -0.01363922020637478, V10_q1: -0.014271288990166315, V11_q0: -0.09112303219784669,
  V11_q1: -0.09094958872304423, Y0s_q0: -1.6437773100317028, Y0s_q1: -1.6446994577307559,
  Y1s_q0: -1.34092851308697, Y1s_q1: -1.395655609450867, Z0s_q0: 0.00018921124370295506,
  Z0s_q1: 0.00018252260230439197, Z1s_q0: -0.00013486001346977176, Z1s_q1: -0.00013117659320869396}
