{E0_q0: 0.7489630586010653, E0_q1: 0.7603244073552186, E1_q0: 0.28544160433373134,
  E1_q1: 0.4696832998881379, V00_q0: 1.241913354250543, V00_q1: 1.1485190710268784,
  V10_q0: 0.24484185556200153, V10_q1: 0.14988301377705304, V11_q0: 0.00010790691585131297,
  V11_q1: 0.00010031494217342636, Y0s_q0: -1.6726887960128152, Y0s_q1: -1.680841603597648,
  Y1s_q0: 0.05854477148112116, Y1s_q1: -0.02509874176920098, Z0s_q0: 0.000204370990305306,
  Z0s_q1: 0.0001970994810865825, Z1s_q0: -2.103867085830339e-05, Z1s_q1: -2.9778796704434137e-05}
