{E0_q0: 0.7452237622447122, E0_q1: 0.7566311304582793, E1_q0: -1.6837926982101437,
  E1_q1: -2.578468212538307, U00_q0: -4.2333960369467425, U00_q1: -3.928887093111504,
  U10_q0: 1.8964957244709202, U10_q1: -2.2123787688111123, U11_q0: 2.9293547095540097e-06,
  U11_q1: 7.964222078009098e-06, V00_q0: 0.5498594693009079, V00_q1: 0.5073904133890362,
  V10_q0: 0.30633351505472195, V10_q1: 0.32188089911705003, V11_q0: -0.005649437856492975,
  V11_q1: 0.0064345577533975904, Y0s_q0: -1.5746442892819144, Y0s_q1: -1.5784460770836608,
  Y1s_q0: -1.476757816184777, Y1s_q1: -1.5301462599398172, Z0s_q0: 0.00020971627152758667,
  Z0s_q1: 0.00020257828126121768, Z1s_q0: 5.399926078327022e-07, Z1s_q1: 1.3322884502865366e-06}
