{E0_q0: 0.7653928430817926, E0_q1: 0.7901914198234634, E1_q0: -0.7000000000000001,
  E1_q1: -0.8000000000000002, U00_q0: -5.16337932541135, U00_q1: -5.105841619217361,
  U10_q0: 8.687576984816654e-16, U10_q1: 0.0, U11_q0: 0.0, U11_q1: 0.0, V00_q0: 0.8504167801408147,
  V00_q1: 0.6834796180851916, V10_q0: 0.0, V10_q1: 0.0, V11_q0: 0.0, V11_q1: 0.0,
  Y0s_q0: -1.5410815248897485, Y0s_q1: -1.5506096823960271, Y1s_q0: -1.8023884170182554e-16,
  Y1s_q1: -1.4608136139360572e-16, Z0s_q0: 0.00022026504282317015, Z0s_q1: 0.00020424281793440403,
  Z1s_q0: 0.0, Z1s_q1: 0.0}
