{E0_q0: 0.7326251437239115, E0_q1: 0.7442315269281772, E1_q0: -0.6458027502615591,
  E1_q1: -0.6552821884177403, V00_q0: 0.619118781222269, V00_q1: 0.5666545423436675,
  V10_q0: -0.020238313470260498, V10_q1: 0.010559731518283709, V11_q0: 0.3242325785834475,
  V11_q1: 0.17011259715762353, Y0s_q0: -1.5891875948000989, Y0s_q1: -1.5962154950487335,
  Y1s_q0: -1.4640424727327503, Y1s_q1: -1.4460734783459546, Z0s_q0: 0.00020190517576464362,
  Z0s_q1: 0.00019493403857953333, Z1s_q0: 0.00011733238455222701, Z1s_q1: -0.00011409636517971387}
