{E0_q0: 0.7358145301277622, E0_q1: 0.7606134974023909, E1_q0: -2.1112408549766943,
  E1_q1: -3.0766033968044035, U00_q0: -4.460156683943712, U00_q1: -4.139231730290233,
  U10_q0: 0.8894087769366452, U10_q1: -0.746720248922202, U11_q0: 0.8693630258819615,
  U11_q1: -0.383817994926658, V00_q0: 0.5662705999182638, V00_q1: 0.4512126880559723,
  V10_q0: -0.09676675908181247, V10_q1: -0.1838552813549936, V11_q0: -0.637526325787582,
  V11_q1: -0.7148845225047691, Y0s_q0: -1.4676719609750333, Y0s_q1: -1.4799353150031154,
  Y1s_q0: -1.5256401951839849, Y1s_q1: -1.4745091712183338, Z0s_q0: 0.00021245706124017194,
  Z0s_q1: 0.00019351478847621495, Z1s_q0: -2.533912231724798e-05, Z1s_q1: -4.4908171664571065e-05}
