{E0_q0: 0.7390730395260108, E0_q1: 0.7505769501523514, E1_q0: 0.7836487794402197,
  E1_q1: -3.4408645142780347, V00_q0: 0.5133684128284512, V00_q1: 0.4700287238643417,
  V10_q0: -0.43083010026671004, V10_q1: -0.7102546871280461, V11_q0: 0.003157354578896215,
  V11_q1: 0.0011060621071745783, Y0s_q0: -1.5715122605982697, Y0s_q1: -1.5703351506470637,
  Y1s_q0: -1.5179610298125874, Y1s_q1: -1.492384600090657, Z0s_q0: 0.00019312995891844668,
  Z0s_q1: 0.00018655509302069535, Z1s_q0: 1.2158349018569135e-05, Z1s_q1: -1.469512325240165e-07}
