{E0_q0: 0.7236020002554715, E0_q1: 0.7505400518569566, E1_q0: -6.350965632002676,
  E1_q1: -1.2021205856374342, E2_q0: -1.0335452916089924, E2_q1: -2.8879469069352077,
  U00_q0: -6.134470357824249, U00_q1: -3.9865223391464273, U10_q0: -0.08436628050000547,
  U10_q1: -2.8826392766708167, U11_q0: 0.016275824677052724, U11_q1: 2.0057053194228556,
  U20_q0: 3.1426584864965776, U20_q1: 3.378862016436524, U21_q0: -4.3145914849302995,
  U21_q1: 0.5227015189481703, U22_q0: -1.1459826962738227, U22_q1: 0.5835922925826295,
  V00_q0: 1.5957866880995475, V00_q1: 1.4500744424236702, V10_q0: 0.06486570049099771,
  V10_q1: -0.47687620048495816, V11_q0: -0.02804006666640574, V11_q1: 0.48912559618187795,
  V20_q0: 0.23251154144628158, V20_q1: 0.03655979456164749, V21_q0: -0.3275858768253726,
  V21_q1: 0.04633043935739325, V22_q0: 1.3727031175436204, V22_q1: 1.5510875151663936,
  Y0s_q0: -0.802163888418323, Y0s_q1: -1.5281365923567949, Y1s_q0: -2.825149554502524,
  Y1s_q1: -0.08173347634016531, Y2s_q0: -1.636015390478417, Y2s_q1: -1.9341076409980655,
  Z0s_q0: 0.00015437656743948365, Z0s_q1: 0.00017855976404691984, Z1s_q0: 0.00011516601804377274,
  Z1s_q1: 3.9863654837131644e-05, Z2s_q0: 0.00013488116913979077, Z2s_q1: 0.00011885043351625431}
