{E0_q0: 0.7520996019648958, E0_q1: 0.763497670663767, E1_q0: -1.8522748831950575,
  E1_q1: -1.8449447397147196, U00_q0: -4.4202105134511545, U00_q1: -4.002029380753065,
  U10_q0: -0.781704936906314, U10_q1: -0.16616211955156066, U11_q0: -0.11153839006839601,
  U11_q1: 0.30820323686144896, V00_q0: 1.274759287639938, V00_q1: 1.1768875654450677,
  V10_q0: 0.057950751232240125, V10_q1: 0.06210206077129451, V11_q0: 0.18560200619244088,
  V11_q1: 0.20157957946899088, Y0s_q0: -1.763607930437679, Y0s_q1: -1.8173182640105632,
  Y1s_q0: -1.3308635725951343, Y1s_q1: 0.12358135441126844, Z0s_q0: 0.00020944826223366988,
  Z0s_q1: 0.00020178382757303967, Z1s_q0: -5.706839150261174e-05, Z1s_q1: -5.5616102150398245e-05}
