{E0_q0: 0.7476746807410547, E1_q0: -0.7000000000000002, E2_q0: -0.6999999999999995,
  E3_q0: -0.6999999999999998, V00_q0: 1.3114193000179895, Y0s_q0: -1.7296281483408071,
  Y1s_q0: 0.0, Y2s_q0: 0.0, Y3s_q0: 0.0, Z0s_q0: 0.0002122744036112391, Z1s_q0: 0.0,
  Z2s_q0: 0.0, Z3s_q0: 0.0}
