{E0_q0: 0.7439285129104909, E0_q1: 0.755358806893769, E1_q0: -0.6999999999999998,
  E1_q1: -0.7999999999999997, Y0s_q0: -1.6668275086069289, Y0s_q1: -1.682903612082507,
  Y1s_q0: 2.5003949503720875e-16, Y1s_q1: 0.0, Z0s_q0: 0.00020799875206431784, Z0s_q1: 0.00020058044347667753,
  Z1s_q0: 0.0, Z1s_q1: 0.0}
