{E0_q0: 0.7352790845854017, E0_q1: 0.7611102849657166, E1_q0: -0.06790373889054016,
  E1_q1: -1.13612451227828, U00_q0: -4.623753953569164, U00_q1: -4.134592593156262,
  U10_q0: -1.905783082023753, U10_q1: -1.3690853658450872, U11_q0: 1.0343498432425528e-06,
  U11_q1: 0.00029630558549195826, V00_q0: 0.5764224772156828, V00_q1: 0.48478849367331506,
  V10_q0: -0.13757154221330387, V10_q1: -0.2765146082560845, V11_q0: 0.0005763491703993735,
  V11_q1: -0.006667529990964816, Y0s_q0: -1.4649573066951076, Y0s_q1: -1.4726546033915453,
  Y1s_q0: -1.5214857736063374, Y1s_q1: -1.51790959282506, Z0s_q0: 0.00021590592202634835,
  Z0s_q1: 0.00020048409411899568, Z1s_q0: 6.077567668181677e-05, Z1s_q1: 1.801365773705915e-05}
