{E0_q0: 0.7195238451571916, E0_q1: 0.7387848142214384, E1_q0: -1.203909900077919,
  E1_q1: -1.7429918674374718, E2_q0: -0.6538195175445765, E2_q1: -0.6256051949646445,
  U00_q0: -5.208473250441157, U00_q1: -6.1071654810465805, U10_q0: -0.1730150017335716,
  U10_q1: 2.940537667994584, U11_q0: -0.15980875168029055, U11_q1: 0.1742752296458661,
  U20_q0: -2.427533944160153, U20_q1: 2.5570971740131547, U21_q0: 0.017454638709681943,
  U21_q1: 0.011635270227089371, U22_q0: -2.5725258055123574e-05, U22_q1: 1.591849276599278e-05,
  V00_q0: 0.952602228817517, V00_q1: 0.7009935233314678, V10_q0: -0.449318413624196,
  V10_q1: -0.5312425174650173, V11_q0: 0.35533231963703593, V11_q1: 0.1311463212064771,
  V20_q0: -0.5692338512583976, V20_q1: -0.6973793296447989, V21_q0: -0.12250314396375737,
  V21_q1: 0.06192490289746991, V22_q0: 0.003856840235674277, V22_q1: 0.0013749771463050487,
  Y0s_q0: -1.4644392943946603, Y0s_q1: -1.49491376828308, Y1s_q0: -0.5616399794966176,
  Y1s_q1: -1.019148637368661, Y2s_q0: 0.281346817574884, Y2s_q1: 0.07997133885813441,
  Z0s_q0: 0.00020939530072225208, Z0s_q1: 0.00018426622952224064, Z1s_q0: -7.910434290659832e-05,
  Z1s_q1: -9.605672607398566e-05, Z2s_q0: 5.778588285737508e-05, Z2s_q1: 2.7859146021266963e-05}
