{E0_q0: 0.7238952280400043, E0_q1: 0.7356429355175488, E1_q0: -1.650621601564064,
  E1_q1: -1.4708105326309489, U00_q0: -4.981545486775189, U00_q1: -4.727208170207643,
  U10_q0: -2.152870566033722, U10_q1: -2.060625152338903, U11_q0: 0.16474497331926616,
  U11_q1: 0.2577077171200766, V00_q0: 0.5302240998491669, V00_q1: 0.4838311638674415,
  V10_q0: -0.11654283456965334, V10_q1: 0.2913710677882888, V11_q0: -5.099409499038601,
  V11_q1: 1.1939721347364514, Y0s_q0: -1.9425072712216664, Y0s_q1: -1.9714364765673642,
  Y1s_q0: -1.7278352858760508, Y1s_q1: -1.3465539028619666, Z0s_q0: 0.0002442250824034189,
  Z0s_q1: 0.00023428302286459095, Z1s_q0: -2.1805870392255752e-07, Z1s_q1: 1.2895646545777742e-07}
