{E0_q0: 0.7399255396094778, E0_q1: 0.7657984098526823, E1_q0: -1.8716647810189297,
  E1_q1: -1.0356268686858754, U00_q0: -4.070016488975122, U00_q1: -3.649489541728955,
  U10_q0: -0.41106805135453156, U10_q1: 0.5611236864624103, U11_q0: -0.011208580681676999,
  U11_q1: 0.01798958389719934, V00_q0: 0.5359282955056025, V00_q1: 0.45146239451237785,
  V10_q0: -0.04322863202392431, V10_q1: -0.04905545785157907, V11_q0: 0.05612134349726424,
  V11_q1: 0.001214367877436668, Y0s_q0: -1.4525813455678303, Y0s_q1: -1.464991863218853,
  Y1s_q0: -1.4953427286115673, Y1s_q1: -1.5013993749031767, Z0s_q0: 0.00021535198813140804,
  Z0s_q1: 0.00020048628379840895, Z1s_q0: 1.5267753350911497e-05, Z1s_q1: 6.203996243437205e-06}
