{E0_q0: 0.7330045954072547, E0_q1: 0.7446048654501, E1_q0: -0.7075573476421342, E1_q1: -0.7173576104668795,
  V00_q0: 0.6182703306162984, V00_q1: 0.5654431905955376, V10_q0: -0.023144997763193096,
  V10_q1: 0.008004101795918567, V11_q0: 0.15292425114435493, V11_q1: 0.0775068611050347,
  Y0s_q0: -1.58295472648363, Y0s_q1: -1.5905945788445124, Y1s_q0: -1.4723781885587186,
  Y1s_q1: -1.4421221390670598, Z0s_q0: 0.0002033730031105863, Z0s_q1: 0.0001963724766558704,
  Z1s_q0: 0.00010269577331982866, Z1s_q1: -9.983962307989602e-05}
