{E0_q0: 0.7136640494528845, E0_q1: 0.7446091943416038, E1_q0: -1.3837285061048497,
  E1_q1: -1.1815766099756548, E2_q0: -1.5938033313518831, E2_q1: -1.5905547284238415,
  U00_q0: -6.973406515505036, U00_q1: -5.764528242580809, U10_q0: 3.7702951298375473,
  U10_q1: -0.3215395293697728, U11_q0: 0.04133495459215315, U11_q1: -0.02708333925604646,
  U20_q0: -3.477843703757096, U20_q1: -3.926730887149105, U21_q0: 0.13731662135387526,
  U21_q1: 0.004353250980196195, U22_q0: 0.007190498832105702, U22_q1: -0.005197766785473509,
  V00_q0: 0.4877600520480779, V00_q1: 0.3856842093475715, V10_q0: 0.5219543560333156,
  V10_q1: 0.5867062330297225, V11_q0: 0.03644694666232621, V11_q1: 0.018857427032752932,
  V20_q0: 0.40900358477334375, V20_q1: 0.37613294274291464, V21_q0: -0.09648536007752148,
  V21_q1: 0.0032091381992091065, V22_q0: 0.023212103044957712, V22_q1: 0.010591109032400525,
  Y0s_q0: -1.3559781623878213, Y0s_q1: -1.423679335005228, Y1s_q0: -3.1322341780939196,
  Y1s_q1: -1.5237764559625078, Y2s_q0: -0.4721330206732261, Y2s_q1: -2.2454905048339566,
  Z0s_q0: 0.0001997521713413529, Z0s_q1: 0.0001903913063928191, Z1s_q0: 7.920825617388863e-05,
  Z1s_q1: 6.126526355852628e-05, Z2s_q0: -7.489564792689834e-05, Z2s_q1: -7.064583960432575e-05}
