{E0_q0: 0.7477566705921223, E0_q1: 0.7738712017499977, E1_q0: -1.5908490418341557,
  E1_q1: -1.4205523941939575, U00_q0: -4.106038246585146, U00_q1: -3.5010665269957246,
  U10_q0: 0.11170993151639659, U10_q1: 0.22854128555222156, U11_q0: 0.058987032603977536,
  U11_q1: -0.096503565901472, V00_q0: 1.0314854615730875, V00_q1: 0.8717825548173611,
  V10_q0: 0.0034761504241857797, V10_q1: 0.004227168640894733, V11_q0: -0.08056585147099309,
  V11_q1: 0.1025088849144483, Y0s_q0: -1.5792157172881036, Y0s_q1: -1.5708812172651718,
  Y1s_q0: -0.05853928366820151, Y1s_q1: -0.43785799041779544, Z0s_q0: 0.00021548595615241906,
  Z0s_q1: 0.00020061565299056225, Z1s_q0: 5.748126409418043e-05, Z1s_q1: -5.317110996685045e-05}
