{E0_q0: 0.7486068634715697, E0_q1: 0.7741316067095162, E1_q0: -1.6432492185924077,
  E1_q1: -1.1459083684216531, U00_q0: -3.964900325557926, U00_q1: -3.5793061704542035,
  U10_q0: -0.2319296797351642, U10_q1: 0.22138790397140456, U11_q0: -0.012931818792711564,
  U11_q1: -0.03449423903917066, V00_q0: 0.5433411340414687, V00_q1: 0.45958963936595004,
  V10_q0: -0.06977317977523416, V10_q1: -0.0772930505491965, V11_q0: 0.034435945902796875,
  V11_q1: -0.04099200324315005, Y0s_q0: -1.4862216509476136, Y0s_q1: -1.4985115315367548,
  Y1s_q0: -1.453927291673729, Y1s_q1: -1.5203524064559857, Z0s_q0: 0.00022069874881627995,
  Z0s_q1: 0.00020516576992492082, Z1s_q0: 1.476405066136675e-05, Z1s_q1: 7.976873600519083e-06}
