{E0_q0: 0.7359871064908057, E0_q1: 0.7475412187530026, E1_q0: -0.5748934379308391,
  E1_q1: -0.5839504435373397, V00_q0: 0.6143031020123406, V00_q1: 0.5598409673830762,
  V10_q0: -0.016388362612050004, V10_q1: 0.011114350646831207, V11_q0: -0.00472620582031116,
  V11_q1: -0.055988392062623016, Y0s_q0: -1.5944982462813944, Y0s_q1: -1.6030873556321996,
  Y1s_q0: -1.5041079837033338, Y1s_q1: -1.4485074340401423, Z0s_q0: 0.00020202374458599826,
  Z0s_q1: 0.0001950420678418794, Z1s_q0: 0.00012343633707348868, Z1s_q1: -0.0001200153888540424}
