{E0_q0: 0.7285492004376154, E0_q1: 0.7545806940538539, E1_q0: -0.6999999999999997,
  E1_q1: -0.8000000000000003, E2_q0: -0.7, E2_q1: -0.8000000000000004, Y0s_q0: -1.440311882283899,
  Y0s_q1: -1.4474482848922623, Y1s_q0: 0.0, Y1s_q1: 0.0, Y2s_q0: 0.0, Y2s_q1: 0.0,
  Z0s_q0: 0.00021260430894510444, Z0s_q1: 0.0001976107452683946, Z1s_q0: 0.0, Z1s_q1: 0.0,
  Z2s_q0: 0.0, Z2s_q1: 0.0}
