{E0_q0: 0.7418143486265554, E0_q1: 0.7675051162447962, E1_q0: -1.9921437955057526,
  E1_q1: -1.269830854163464, U00_q0: -4.2274119836766255, U00_q1: -3.8258705513995217,
  U10_q0: -0.4881577105303336, U10_q1: 0.33115164720901896, U11_q0: 0.17611092384815494,
  U11_q1: 0.009123066600830806, V00_q0: 0.5512011596965525, V00_q1: 0.46092523809863983,
  V10_q0: -0.09825965558771253, V10_q1: -0.11333126442284629, V11_q0: -0.14979570487868019,
  V11_q1: 0.01199864216381648, Y0s_q0: -1.4913240154418488, Y0s_q1: -1.5026775280860873,
  Y1s_q0: -1.485599116224307, Y1s_q1: -1.4981241680412576, Z0s_q0: 0.00021667928007908902,
  Z0s_q1: 0.00020127283615627815, Z1s_q0: 1.0378695565235456e-05, Z1s_q1: 3.866333444507372e-06}
