{E0_q0: 0.7395475454079908, E0_q1: 0.7653049483385843, E1_q0: -1.9868643631167184,
  E1_q1: -1.028416831575068, U00_q0: -4.244111315929626, U00_q1: -3.8490002502971294,
  U10_q0: -0.6805608346249585, U10_q1: 0.6549270135307095, U11_q0: 0.020546809174411505,
  U11_q1: 0.032284034699762765, V00_q0: 0.5403223278618534, V00_q1: 0.45150663776645505,
  V10_q0: 0.08650846359627688, V10_q1: 0.09819515613755576, V11_q0: -0.00985873616836429,
  V11_q1: -0.04030299599510616, Y0s_q0: -1.4725531285936777, Y0s_q1: -1.4838333537232873,
  Y1s_q0: -1.4893241233815522, Y1s_q1: -1.5004122518560838, Z0s_q0: 0.00021514038713665976,
  Z0s_q1: 0.00019995351529606076, Z1s_q0: -9.6100825441618e-06, Z1s_q1: -2.8960993130058717e-06}
