{E0_q0: 0.7335563936888376, E0_q1: 0.7591461509901747, E1_q0: -0.7446690828580437,
  E1_q1: -1.2408158793963031, E2_q0: -0.807406094107461, E2_q1: -0.80967290932264,
  E3_q0: -0.6999999999869775, E3_q1: -0.7999999999999893, U00_q0: -4.479842668081923,
  U00_q1: -4.098521681066903, U10_q0: 0.5462725590619186, U10_q1: 0.7830353378796621,
  U11_q0: -5.227637623319043e-07, U11_q1: -0.0003570501433150985, U20_q0: 0.3077292949876387,
  U20_q1: -0.5771742540595834, U21_q0: -2.4323070065909743e-05, U21_q1: -0.0005181601752703198,
  U22_q0: -1.0723745683791913e-07, U22_q1: -2.464514539631537e-07, U30_q0: 6.648732346853942e-17,
  U30_q1: 9.808107271686349e-32, U31_q0: 8.565244686331775e-16, U31_q1: 1.1719993616299127e-32,
  U32_q0: 6.509644687987247e-16, U32_q1: 4.340520740860747e-35, U33_q0: -7.888621563537489e-16,
  U33_q1: -1.081895990188942e-50, V00_q0: 0.5726229670714413, V00_q1: 0.47376605104203273,
  V10_q0: 0.12822761538267657, V10_q1: 0.11414666756201114, V11_q0: -0.0013999290100090622,
  V11_q1: 0.004050761361161643, V20_q0: -0.03364078143909829, V20_q1: -0.05010554865988544,
  V21_q0: 0.002226557860348934, V21_q1: -0.002838170285374699, V22_q0: -0.0006371529483450258,
  V22_q1: -0.00012404026647680727, V30_q0: -9.028225991098262e-17, V30_q1: 3.551119575886839e-17,
  V31_q0: -1.2184128558029036e-16, V31_q1: 7.503471900949214e-16, V32_q0: -8.65331365642631e-17,
  V32_q1: -2.810411475007724e-16, V33_q0: -2.440326171919682e-17, V33_q1: -2.1650053686988155e-17,
  Y0s_q0: -1.452135380311878, Y0s_q1: -1.4646128382040573, Y1s_q0: -1.5794732746780655,
  Y1s_q1: -1.4864455939532197, Y2s_q0: -1.4693570796043856, Y2s_q1: -1.506557304709634,
  Y3s_q0: -1.5000000000000002, Y3s_q1: -1.5, Z0s_q0: 0.00021425734552445007, Z0s_q1: 0.0001988103084139018,
  Z1s_q0: 7.665216744755646e-06, Z1s_q1: 1.671562753125536e-05, Z2s_q0: -2.643783233136645e-05,
  Z2s_q1: 3.1995431849473674e-06, Z3s_q0: 2.4241143508263515e-20, Z3s_q1: -1.884382634899173e-20}
