{E0_q0: 0.710501397388016, E0_q1: 0.7379808986315757, E1_q0: -1.8590931764144463,
  E1_q1: -1.8835523440508328, U00_q0: -4.914395644142969, U00_q1: -5.616825065517435,
  U10_q0: 0.12042454433903814, U10_q1: 0.4229323517367507, U11_q0: -1.6979371481058332,
  U11_q1: 2.381439476674262, V00_q0: 1.0286637278786495, V00_q1: 0.8211650410167716,
  V10_q0: -0.001300026528372336, V10_q1: -0.004004575103258317, V11_q0: 1.2099638673281699,
  V11_q1: -1.2321610686970463, Y0s_q0: -1.715551052772384, Y0s_q1: -1.7621270546831789,
  Y1s_q0: -1.171727957296383, Y1s_q1: -1.1326999334031107, Z0s_q0: 0.00016523154419240867,
  Z0s_q1: 0.00015281147936894993, Z1s_q0: -0.00015656046709865322, Z1s_q1: 0.00014674596506066023}
