{E0_q0: 0.7384342587849217, E0_q1: 0.7641170178496443, E1_q0: -0.12851961439844437,
  E1_q1: -0.14919948234203648, E2_q0: 0.18085550588436333, E2_q1: -1.1127893982954995,
  U00_q0: -4.26257820679316, U00_q1: -3.83651780212513, U10_q0: -0.5429933219948782,
  U10_q1: -0.3187320440825078, U11_q0: 0.9128426448764317, U11_q1: 0.8517401064992499,
  U20_q0: 4.843381386371296, U20_q1: 2.0516982191857247, U21_q0: 0.0017459690745122896,
  U21_q1: -0.025653597640505413, U22_q0: -1.6252784793492204e-10, U22_q1: 4.237817581092834e-07,
  V00_q0: 0.5619472851517282, V00_q1: 0.4709791502450774, V10_q0: -0.0038862146377500392,
  V10_q1: -0.001416080753617637, V11_q0: 0.17891383455823212, V11_q1: 0.09891340605080376,
  V20_q0: 0.39401662341433846, V20_q1: -0.15924526704915118, V21_q0: -0.08253464964281129,
  V21_q1: -0.08942151935915396, V22_q0: -6.766311387593174e-06, V22_q1: -8.336812752759411e-05,
  Y0s_q0: -1.506780980446644, Y0s_q1: -1.5141937618745154, Y1s_q0: -1.4764659374395492,
  Y1s_q1: -1.7002091944704187, Y2s_q0: -1.4509119413332867, Y2s_q1: -1.4765830929400559,
  Z0s_q0: 0.00021343453485697387, Z0s_q1: 0.0001979540678515031, Z1s_q0: 0.00017282198058935898,
  Z1s_q1: 0.00016023795803403871, Z2s_q0: 3.777451333693781e-05, Z2s_q1: -2.227027256332698e-05}
