{E0_q0: 0.7335460769168413, E0_q1: 0.7574826827719662, E1_q0: -0.7042091292993026,
  E1_q1: -1.2072262218118932, E2_q0: -0.7, E2_q1: -0.8, U00_q0: -4.410372131882301,
  U00_q1: -3.9925974428901356, U10_q0: 0.04818600405648714, U10_q1: 0.06021641828670234,
  U11_q0: -5.732482502326272e-06, U11_q1: -0.0007542901338236037, U20_q0: 3.7143383332422135e-32,
  U20_q1: -4.77078716117974e-33, U21_q0: -8.82371686459019e-33, U21_q1: 2.335867682414751e-37,
  U22_q0: 8.008338967338069e-34, U22_q1: 1.8124256772891552e-54, V00_q0: 0.5803685458499254,
  V00_q1: 0.4807133421417709, V10_q0: 0.013078120559411958, V10_q1: 0.05855721561799231,
  V11_q0: -0.0006129991356778152, V11_q1: 0.0073089904601127105, V20_q0: 2.483046261822845e-19,
  V20_q1: 3.187046934313251e-18, V21_q0: -2.1536662994515483e-21, V21_q1: 1.865315521215299e-19,
  V22_q0: -6.881147485314038e-21, V22_q1: -1.7154974916519015e-22, Y0s_q0: -1.4501052925501499,
  Y0s_q1: -1.4602184705636492, Y1s_q0: -1.5228705649256629, Y1s_q1: -1.4094031587481441,
  Y2s_q0: -1.5, Y2s_q1: -1.5, Z0s_q0: 0.00021424389451775325, Z0s_q1: 0.00019726783890859767,
  Z1s_q0: 1.57006346346496e-05, Z1s_q1: 3.914709699104147e-05, Z2s_q0: -5.816226787729176e-21,
  Z2s_q1: -5.041092165767287e-21}
