{E0_q0: 0.7496918045231455, E0_q1: 0.7610389196449512, E1_q0: -0.7000000000000004,
  E1_q1: -0.8000000000000007, V00_q0: 0.9116489822036508, V00_q1: 0.8346424142581955,
  V10_q0: 0.0, V10_q1: 0.0, V11_q0: 0.0, V11_q1: 0.0, Y0s_q0: -1.6628884848258583,
  Y0s_q1: -1.6692458645102324, Y1s_q0: -1.0669487207150958e-15, Y1s_q1: 1.0433883944512098e-16,
  Z0s_q0: 0.00020273070788279476, Z0s_q1: 0.00019555435466652354, Z1s_q0: 0.0, Z1s_q1: 0.0}
