{E0_q0: 0.7487510179048129, E0_q1: 0.7751792536582616, E1_q0: -2.247019886639705,
  E1_q1: -2.1174134827578266, U00_q0: -4.393499930341382, U00_q1: -3.7341128816346614,
  U10_q0: 0.19134101687151295, U10_q1: 0.2361118517089733, U11_q0: 0.8393397058352458,
  U11_q1: -1.1291786974737075, V00_q0: 1.0936132932765679, V00_q1: 0.9129616489789119,
  V10_q0: -0.009899834738848633, V10_q1: -0.004958115288193344, V11_q0: -0.4294117581727131,
  V11_q1: 0.5080707807604222, Y0s_q0: -1.6685789030890188, Y0s_q1: -1.610137110752699,
  Y1s_q0: 0.3076886621240792, Y1s_q1: -0.38545130311265535, Z0s_q0: 0.00020797404476150452,
  Z0s_q1: 0.00019441500515746102, Z1s_q0: -6.674276544850377e-05, Z1s_q1: 5.796831704606842e-05}
