{E0_q0: 0.7630885997644422, E0_q1: 0.7742343872132869, E1_q0: -0.6999999999999997,
  E1_q1: -0.8000000000000002, V00_q0: 1.20038760882612, V00_q1: 1.1064782932080837,
  V10_q0: 0.0, V10_q1: 0.0, V11_q0: 0.0, V11_q1: 0.0, Y0s_q0: -1.717863096957697,
  Y0s_q1: -1.724045789755291, Y1s_q0: -1.523363121452213e-16, Y1s_q1: 0.0, Z0s_q0: 0.0002213598831591319,
  Z0s_q1: 0.00021337479049000807, Z1s_q0: 0.0, Z1s_q1: 0.0}
