{E0_q0: 0.7314017342687492, E0_q1: 0.7566374943637015, U00_q0: -4.5608097403203836,
  U00_q1: -4.087592134716121, V00_q0: 0.5828778812174444, V00_q1: 0.4831894040116666,
  Y0s_q0: -1.4432357103382678, Y0s_q1: -1.459098349995817, Z0s_q0: 0.0002145107104297683,
  Z0s_q1: 0.00019894523005771484}
