{E0_q0: 0.7445193181546598, E0_q1: 0.7699955997388553, E1_q0: -0.6999999999999997,
  E1_q1: -0.8000000000000005, E2_q0: -0.7, E2_q1: -0.8000000000000003, Y0s_q0: -1.467196385659757,
  Y0s_q1: -1.4770995674659668, Y1s_q0: 0.0, Y1s_q1: 0.0, Y2s_q0: 0.0, Y2s_q1: 0.0,
  Z0s_q0: 0.0002203522746164739, Z0s_q1: 0.0002047275343235941, Z1s_q0: 0.0, Z1s_q1: 0.0,
  Z2s_q0: 0.0, Z2s_q1: 0.0}
