{E0_q0: 0.7430383828735407, E0_q1: 0.7684844897448445, E1_q0: 0.6372069845434057,
  E1_q1: -2.763302575018719, U00_q0: -4.264163499414555, U00_q1: -3.906759311608838,
  U10_q0: 0.4081498801434304, U10_q1: -0.06814719474159239, U11_q0: 1.8646490148213251e-06,
  U11_q1: -0.008573055957907827, V00_q0: 0.5534954968736014, V00_q1: 0.4596966844656931,
  V10_q0: -0.00584036678541379, V10_q1: 0.12468421825479588, V11_q0: 0.00014563675531811994,
  V11_q1: -0.09148860543274862, Y0s_q0: -1.4796128035889098, Y0s_q1: -1.488624491649287,
  Y1s_q0: -1.487610577733257, Y1s_q1: -1.4935284305173162, Z0s_q0: 0.00021664285715771397,
  Z0s_q1: 0.00020098002270287332, Z1s_q0: -6.0902115057362727e-05, Z1s_q1: 9.306984740163834e-06}
