{E0_q0: 0.7556186676336981, E0_q1: 0.7668757047597348, E1_q0: -0.6999999999999993,
  E1_q1: -0.7999999999999998, V00_q0: 1.0831249374354484, V00_q1: 1.003887407096595,
  V10_q0: 0.0, V10_q1: 0.0, V11_q0: 0.0, V11_q1: 0.0, Y0s_q0: -1.6869594316642798,
  Y0s_q1: -1.6919362209570903, Y1s_q0: 3.679195427485778e-16, Y1s_q1: 0.0, Z0s_q0: 0.00021403140929637085,
  Z0s_q1: 0.00020639452811714923, Z1s_q0: 0.0, Z1s_q1: 0.0}
