{E0_q0: 0.7162690887252552, E0_q1: 0.7433135203938435, E1_q0: -1.708982023174593,
  E1_q1: -1.7307746849500885, U00_q0: -4.543448106915766, U00_q1: -4.655472192280872,
  U10_q0: 0.07137818112805297, U10_q1: 0.4888271022785035, U11_q0: -0.7509181803552162,
  U11_q1: 3.16004887027481, V00_q0: 1.0590263062683185, V00_q1: 0.8673065894003652,
  V10_q0: 0.000724128686963069, V10_q1: 0.00193476241144127, V11_q0: 1.0914475265486996,
  V11_q1: -1.1511151474755088, Y0s_q0: -1.6147576855353902, Y0s_q1: -1.6555813395540255,
  Y1s_q0: -1.3130764659693663, Y1s_q1: -1.2620025662221557, Z0s_q0: 0.00017672846436161423,
  Z0s_q1: 0.00016373572412794085, Z1s_q0: 0.00014609340704554123, Z1s_q1: -0.00013649162807856906}
