{E0_q0: 0.7398954713346473, E0_q1: 0.7513893668328702, E1_q0: -0.8216095281609191,
  E1_q1: -0.832552899412574, Y0s_q0: -1.5872253324801002, Y0s_q1: -1.5931856919900087,
  Y1s_q0: -1.5045253243499392, Y1s_q1: -1.4653795379621555, Z0s_q0: 0.00021148662685799966,
  Z0s_q1: 0.00020422420741425092, Z1s_q0: 4.953121813633098e-05, Z1s_q1: 4.8076294196608276e-05}
