{E0_q0: 0.7335079341996077, E0_q1: 0.7450972724257569, E1_q0: 0.7249005562271547,
  E1_q1: -1.643816219503355, V00_q0: 0.5470386012448453, V00_q1: 0.5029619607975678,
  V10_q0: -0.22000089769249656, V10_q1: 0.05345300518710035, V11_q0: 0.0017114080948188522,
  V11_q1: 0.002399638125813483, Y0s_q0: -1.513031901125478, Y0s_q1: -1.5199359636851162,
  Y1s_q0: -1.5307952361735202, Y1s_q1: -1.4821430949004148, Z0s_q0: 0.00020704091194665626,
  Z0s_q1: 0.0002001555135706099, Z1s_q0: 8.569064836300866e-06, Z1s_q1: -4.147142049731242e-07}
