{E0_q0: 0.7398905715266466, E0_q1: 0.7656307066368999, E1_q0: -1.9410261055285654,
  E1_q1: -0.9077532114188057, U00_q0: -4.274200207467582, U00_q1: -3.817587750337449,
  U10_q0: -0.20639520884795598, U10_q1: 0.8781934259371443, U11_q0: -0.16834999765400535,
  U11_q1: 0.00721268539824209, V00_q0: 0.5636055189850131, V00_q1: 0.47099187603809767,
  V10_q0: 0.09225338161566425, V10_q1: 0.1048440484819413, V11_q0: -0.029356145129561476,
  V11_q1: 0.0167731541111357, Y0s_q0: -1.4749405570538225, Y0s_q1: -1.4860158787760656,
  Y1s_q0: -1.50086042718159, Y1s_q1: -1.5032552730658126, Z0s_q0: 0.00021611993830061653,
  Z0s_q1: 0.00020083457518224178, Z1s_q0: -9.202929639833563e-06, Z1s_q1: -2.8027669840469813e-06}
