{E0_q0: 0.730256383877629, E0_q1: 0.7415036678021586, E1_q0: -4.225579060538453, E1_q1: -2.035967296163437,
  E2_q0: -2.068951586914647, E2_q1: -2.1503874381725843, U00_q0: -4.787827443170467,
  U00_q1: -3.6102809418897577, U10_q0: -0.005325763918949767, U10_q1: -0.1937604074755364,
  U11_q0: -2.4814478541812974e-05, U11_q1: -0.4873528427063141, U20_q0: 3.867516791582428,
  U20_q1: -2.443057352019896, U21_q0: -6.627974786035207, U21_q1: -3.496921857247133,
  U22_q0: 0.050621035857421275, U22_q1: 0.019673680213879587, V00_q0: 1.7674340745721397,
  V00_q1: 1.620813073847489, V10_q0: -0.024291118370362453, V10_q1: -0.11794209280783037,
  V11_q0: -0.0019419895699580012, V11_q1: 1.0199106526578277, V20_q0: 0.12962369200070495,
  V20_q1: -0.06133145190569531, V21_q0: -1.2968942427867998, V21_q1: 0.619260669848301,
  V22_q0: -0.564603799557491, V22_q1: -0.019310418701509905, Y0s_q0: -1.7754294339675167,
  Y0s_q1: -1.8248308067808594, Y1s_q0: -1.9558041948032043, Y1s_q1: -1.840065856443161,
  Y2s_q0: -1.8571056619682287, Y2s_q1: 0.01490911979100605, Z0s_q0: 0.00016759534636065528,
  Z0s_q1: 0.00016269079846735913, Z1s_q0: 3.538217960608969e-05, Z1s_q1: -0.00013324591882822855,
  Z2s_q0: 0.00013952565939524453, Z2s_q1: -3.2724018687965435e-05}
