{E0_q0: 0.7461985367039595, E0_q1: 0.7575940528133221, E1_q0: -0.7, E1_q1: -0.7999999999999996,
  V00_q0: 1.2726392023720627, V00_q1: 1.169821839762711, V10_q0: 0.0, V10_q1: 0.0,
  V11_q0: 0.0, V11_q1: 0.0, Y0s_q0: -1.6312746080137555, Y0s_q1: -1.640838670103857,
  Y1s_q0: -3.3136838600652453e-16, Y1s_q1: 1.1462395824746676e-16, Z0s_q0: 0.00021362314359342675,
  Z0s_q1: 0.00020615037002967197, Z1s_q0: 0.0, Z1s_q1: 0.0}
