{E0_q0: 0.7212400937828596, E0_q1: 0.7461882936514548, E1_q0: -0.7, E1_q1: -0.8, E2_q0: -0.7,
  E2_q1: -0.8, Z0s_q0: 0.00021027490520959097, Z0s_q1: 0.0001949602889731776, Z1s_q0: 0.0,
  Z1s_q1: 0.0, Z2s_q0: 0.0, Z2s_q1: 0.0}
