{E0_q0: 0.6723592048121501, E0_q1: 0.6850120719191262, E1_q0: -1.9345619784803334,
  E1_q1: -1.9502174268231145, U00_q0: -5.404356644120896, U00_q1: -5.879158063488738,
  U10_q0: 0.08892515434102558, U10_q1: -0.027805909599136317, U11_q0: -2.424515955664345,
  U11_q1: 2.0259592267357793, V00_q0: 1.736877181978993, V00_q1: 1.5610503720525934,
  V10_q0: 0.0008947726269218415, V10_q1: -0.0005855835250185161, V11_q0: 0.4236521827645746,
  V11_q1: -0.4218448245314078, Y0s_q0: -0.5943891920828034, Y0s_q1: -0.5766128817965711,
  Y1s_q0: -2.592503308526846, Y1s_q1: -2.6666189862501053, Z0s_q0: 0.00011228521992896612,
  Z0s_q1: 0.00011014979521075055, Z1s_q0: 0.00019222644972209657, Z1s_q1: -0.0001825838830522423}
