{E0_q0: 0.7497351036774611, E1_q0: -0.7, E2_q0: -0.6999999999999998, E3_q0: -0.7,
  Y0s_q0: -1.4409294266534343, Y1s_q0: 0.0, Y2s_q0: 0.0, Y3s_q0: 0.0, Z0s_q0: 0.0002292503810793589,
  Z1s_q0: 0.0, Z2s_q0: 0.0, Z3s_q0: 0.0}
