{E0_q0: 0.7420005567098182, E0_q1: 0.752941652736178, E1_q0: -0.6163618272782496,
  E1_q1: -1.0210183503826478, Y0s_q0: -1.5703498221505658, Y0s_q1: -1.5762484481910835,
  Y1s_q0: -1.4970625531992232, Y1s_q1: -1.497924948685436, Z0s_q0: 0.0002155204099175065,
  Z0s_q1: 0.00020765920319165828, Z1s_q0: 3.681659733545449e-05, Z1s_q1: -3.440709097808793e-05}
