{E0_q0: 0.7407945995428818, E0_q1: 0.7665141313381234, E1_q0: -2.0317506698718457,
  E1_q1: -1.1442102728324652, U00_q0: -4.056328963332506, U00_q1: -3.620630912752916,
  U10_q0: -0.45541650520850785, U10_q1: 1.0078267158054661, U11_q0: 0.035646989071761684,
  U11_q1: 0.05755541905879425, V00_q0: 0.534113568087132, V00_q1: 0.4499101375455075,
  V10_q0: 0.09136973805099746, V10_q1: 0.10659178470319472, V11_q0: -0.003446316118416896,
  V11_q1: -0.02769050084665546, Y0s_q0: -1.455232834657164, Y0s_q1: -1.4677008120963595,
  Y1s_q0: -1.4723406106862316, Y1s_q1: -1.5009738042031442, Z0s_q0: 0.00021591140184228167,
  Z0s_q1: 0.00020082029800746402, Z1s_q0: -9.930214455904015e-06, Z1s_q1: -3.22119749602803e-06}
