{E0_q0: 0.6376600736687086, E0_q1: 0.6507090054627493, E1_q0: 1.8856033810152486,
  E1_q1: -3.195106892259949, U00_q0: -5.246384010482062, U00_q1: -5.264892857730385,
  U10_q0: 1.697658669349703, U10_q1: 33.989280045591556, U11_q0: 8.93700659953868e-10,
  U11_q1: 1.2110299045289465e-10, V00_q0: 0.8260647306477727, V00_q1: 0.7406063879159915,
  V10_q0: 0.054339243390808624, V10_q1: 0.15087678998018456, V11_q0: -2.205012111885393e-10,
  V11_q1: 5.931247077212837e-08, Y0s_q0: -1.6171949446942897, Y0s_q1: -1.6153391219385376,
  Y1s_q0: -1.4895348784595301, Y1s_q1: -8.318766030915281, Z0s_q0: 0.00012433697612337764,
  Z0s_q1: 0.00011921671848437314, Z1s_q0: 2.5650930443449836e-05, Z1s_q1: 1.0330371168344142e-05}
