{E0_q0: 0.7408490558673808, E0_q1: 0.766528484469055, E1_q0: -1.699255974567893, E1_q1: -1.1227972439722074,
  U00_q0: -4.264048492260707, U00_q1: -3.8538783985424674, U10_q0: -0.1698927567905396,
  U10_q1: -0.715989513742306, U11_q0: -0.050791663902279904, U11_q1: -0.011072244076563577,
  V00_q0: 0.5496507637201561, V00_q1: 0.45919375686985586, V10_q0: 0.14142939950683858,
  V10_q1: 0.14980571581407326, V11_q0: 0.10216300987870336, V11_q1: -0.030849537805747146,
  Y0s_q0: -1.478180941729009, Y0s_q1: -1.490016924717304, Y1s_q0: -1.4763674108668627,
  Y1s_q1: -1.4986644605222605, Z0s_q0: 0.00021429017855815964, Z0s_q1: 0.00019906932047148706,
  Z1s_q0: -8.474192730952028e-06, Z1s_q1: -4.070222931119746e-06}
