{E0_q0: 0.7485495755703848, E0_q1: 0.7599106371464097, E1_q0: -0.6999999999999997,
  E1_q1: -0.7999999999999994, V00_q0: 1.08930249167967, V00_q1: 1.0178668445146846,
  V10_q0: 0.0, V10_q1: 0.0, V11_q0: 0.0, V11_q1: 0.0, Y0s_q0: -1.579233671861272,
  Y0s_q1: -1.5833278002220728, Y1s_q0: -5.347146457949106e-16, Y1s_q1: 2.1220085528534565e-16,
  Z0s_q0: 0.00020804808068981403, Z0s_q1: 0.00020096874545549471, Z1s_q0: 0.0, Z1s_q1: 0.0}
