{E0_q0: 0.7404637619432859, E0_q1: 0.766185500529369, E1_q0: -1.9754678478112435,
  E1_q1: -0.968900686315921, U00_q0: -4.33991287338019, U00_q1: -3.9079694926700634,
  U10_q0: 0.2522573416455854, U10_q1: 0.6804392863043179, U11_q0: -0.040515379618675,
  U11_q1: -0.026004246497155107, V00_q0: 0.5632071106494458, V00_q1: 0.4693001003292377,
  V10_q0: -0.08679837208415823, V10_q1: -0.1006916854777525, V11_q0: -0.04753994250681869,
  V11_q1: 0.037952650599378815, Y0s_q0: -1.4798466045328578, Y0s_q1: -1.4897820837554585,
  Y1s_q0: -1.473406342615033, Y1s_q1: -1.5075652477790922, Z0s_q0: 0.0002160669628001577,
  Z0s_q1: 0.0002007615670574292, Z1s_q0: 9.292522244689881e-06, Z1s_q1: 2.629709196188209e-06}
