{E0_q0: 0.6507534024836983, E0_q1: 0.6638092824547303, E1_q0: 3.8178883298607107,
  E1_q1: 1.5100831131382, U00_q0: -6.7665100122075215, U00_q1: -6.037430516899312,
  U10_q0: -0.32362819841017554, U10_q1: 4.475074329670088, U11_q0: 2.0625108590745602e-10,
  U11_q1: 1.6672736059632378e-09, V00_q0: 0.546770107687142, V00_q1: 0.48472039529924593,
  V10_q0: -1.745181507219492, V10_q1: -0.6489337463029167, V11_q0: -9.756864251829819e-11,
  V11_q1: -3.638627479602542e-09, Y0s_q0: -2.6844138815482133, Y0s_q1: -2.842411974882721,
  Y1s_q0: -1.5032360345563318, Y1s_q1: -1.4856430057471122, Z0s_q0: 0.00010877611320113551,
  Z0s_q1: 0.00010272901525344869, Z1s_q0: 3.1171385740849765e-12, Z1s_q1: -4.7122855349357606e-07}
