{E0_q0: 0.7586151905268385, E0_q1: 0.7835747966050729, E1_q0: -0.9105714716283991,
  E1_q1: -3.8443853346284924, U00_q0: -4.272605530851182, U00_q1: -3.990645192293178,
  U10_q0: 0.27227090231830053, U10_q1: 0.823405476042925, U11_q0: 7.8917828083472e-10,
  U11_q1: -0.002075806823319606, V00_q0: 1.1070919097538412, V00_q1: 0.9033536846825454,
  V10_q0: 0.8941559968728283, V10_q1: -0.47164257575258084, V11_q0: -5.196163714282854e-05,
  V11_q1: -0.06424013138190417, Y0s_q0: -1.5300427677457997, Y0s_q1: -1.54541174369252,
  Y1s_q0: 0.06195219344146375, Y1s_q1: 0.027085519470871476, Z0s_q0: 0.00021872778853997016,
  Z0s_q1: 0.00020243744714527518, Z1s_q0: 1.0548842944119951e-07, Z1s_q1: -1.316125377194743e-05}
