{E0_q0: 0.7401301468887214, E0_q1: 0.7658717343979234, E1_q0: -1.9418864237579039,
  E1_q1: -0.9953352878752708, U00_q0: -4.3286283057331, U00_q1: -3.8844637729921647,
  U10_q0: -0.3484648601845089, U10_q1: 1.1318962197002358, U11_q0: -0.09589793613229917,
  U11_q1: -0.02723512982848218, V00_q0: 0.5658956805844475, V00_q1: 0.4717549363292632,
  V10_q0: 0.09079833245633234, V10_q1: 0.10278170916113334, V11_q0: -0.04610541210247227,
  V11_q1: 0.04063844041037849, Y0s_q0: -1.4813659151777232, Y0s_q1: -1.4910832462850614,
  Y1s_q0: -1.4933523735008407, Y1s_q1: -1.5051336096600236, Z0s_q0: 0.0002162567510068771,
  Z0s_q1: 0.00020093279754116396, Z1s_q0: -9.675787992841066e-06, Z1s_q1: -3.0378045806763643e-06}
