{E0_q0: 0.7465404306354451, E0_q1: 0.7720537291788548, E1_q0: -1.9500063871754432,
  E1_q1: -1.0179118990577662, U00_q0: -4.286817995609735, U00_q1: -3.8757945441237416,
  U10_q0: -0.21157539208161233, U10_q1: 0.4183055577354561, U11_q0: 0.22786055127180882,
  U11_q1: 0.04608200816317089, V00_q0: 0.5706633908904113, V00_q1: 0.476438690499552,
  V10_q0: -0.0963564738067812, V10_q1: -0.10926016681809965, V11_q0: -0.08887894889312327,
  V11_q1: 0.023515420652559526, Y0s_q0: -1.498220778495954, Y0s_q1: -1.5063842974449926,
  Y1s_q0: -1.5156035577563225, Y1s_q1: -1.4962949871045785, Z0s_q0: 0.00022028375373112706,
  Z0s_q1: 0.00020458505959154185, Z1s_q0: 9.222078152966846e-06, Z1s_q1: 2.8962356887951253e-06}
