{E0_q0: 0.7732133122857919, E0_q1: 0.7842198868934127, E1_q0: -1.60352802156964, E1_q1: 1.0867589983298378,
  U00_q0: -4.890508163699043, U00_q1: -4.65137624182924, U10_q0: 0.2413882163936843,
  U10_q1: 3.0403924699014304, U11_q0: 7.497421646897309e-08, U11_q1: 4.071232962531358e-09,
  V00_q0: 1.1269431055383354, V00_q1: 1.0311215905482165, V10_q0: -0.36338262200215404,
  V10_q1: 0.8337898721068633, V11_q0: -0.0009124818847659446, V11_q1: -1.7672535879625538e-05,
  Y0s_q0: -1.776936331103673, Y0s_q1: -1.783952009148248, Y1s_q0: -0.006170563124155745,
  Y1s_q1: 0.20573863883081653, Z0s_q0: 0.00021963644249204642, Z0s_q1: 0.00021154010396836885,
  Z1s_q0: -2.148884049035703e-07, Z1s_q1: 0.00012309476623863447}
