{E0_q0: 0.7414629234393867, E0_q1: 0.7529279855484848, E1_q0: 0.6849975342468663,
  E1_q1: 0.3817962031173113, V00_q0: 0.5547498283782683, V00_q1: 0.5067238739877329,
  V10_q0: -0.22400562424180526, V10_q1: -0.288542290982791, V11_q0: -0.0016124490030048283,
  V11_q1: 0.0039438108913653165, Y0s_q0: -1.5243512969552586, Y0s_q1: -1.5327468060214169,
  Y1s_q0: -1.5296171236644045, Y1s_q1: -1.482808364686433, Z0s_q0: 0.0002153449779654995,
  Z0s_q1: 0.00020817341132049372, Z1s_q0: -1.2577565780645321e-06, Z1s_q1: -9.120000576926215e-06}
