{E0_q0: 0.7414303371958628, E0_q1: 0.7671037233096974, E1_q0: -1.8041993285949864,
  E1_q1: -0.814497726970016, U00_q0: -4.270600101555756, U00_q1: -3.858458140605686,
  U10_q0: -0.14387942492935687, U10_q1: 0.9179902077268014, U11_q0: -0.007230230532862387,
  U11_q1: -0.025313079133863957, V00_q0: 0.555896792831571, V00_q1: 0.4644358404260099,
  V10_q0: 0.09417337454574702, V10_q1: 0.10619058024864199, V11_q0: -0.04208278553631287,
  V11_q1: 0.036289088100561945, Y0s_q0: -1.4913991476278305, Y0s_q1: -1.5018654164058105,
  Y1s_q0: -1.4718333552928062, Y1s_q1: -1.499302865633571, Z0s_q0: 0.00021663800532787904,
  Z0s_q1: 0.0002011767688232028, Z1s_q0: -8.551741507584396e-06, Z1s_q1: -2.8634425384849877e-06}
