{E0_q0: 0.7644029235499996, E0_q1: 0.7755328631576249, E1_q0: -0.7000000000000002,
  E1_q1: -0.7999999999999997, V00_q0: 1.1441643922767204, V00_q1: 1.062173396693024,
  V10_q0: 0.0, V10_q1: 0.0, V11_q0: 0.0, V11_q1: 0.0, Y0s_q0: -1.7027568930250492,
  Y0s_q1: -1.705318657500741, Y1s_q0: -1.1747858763546607e-16, Y1s_q1: 0.0, Z0s_q0: 0.00022310149799464204,
  Z0s_q1: 0.00021512318609048756, Z1s_q0: 0.0, Z1s_q1: 0.0}
