{E0_q0: 0.7576803462889716, E0_q1: 0.7689023147187135, E1_q0: 1.6542738772655399,
  E1_q1: -3.77212545572677, U00_q0: -4.57249526068841, U00_q1: -4.270646433330122,
  U10_q0: -0.056733455410528606, U10_q1: -1.2240897203529586, U11_q0: 1.1021751531949652e-11,
  U11_q1: 2.805486573944062e-11, V00_q0: 0.5356280992237887, V00_q1: 0.4910134591467947,
  V10_q0: 0.026517938825986763, V10_q1: -0.21246811688470177, V11_q0: -5.6466717924380215e-12,
  V11_q1: -6.092719361991003e-08, Y0s_q0: -1.5815700839601317, Y0s_q1: -1.5869342812251286,
  Y1s_q0: -1.5005231425169168, Y1s_q1: -1.5203933363572808, Z0s_q0: 0.00021428915921552325,
  Z0s_q1: 0.00020701411467211275, Z1s_q0: -4.863678211717027e-06, Z1s_q1: -1.831501039375915e-06}
