{E0_q0: 0.7381059369956469, E0_q1: 0.7496619606660954, E1_q0: -1.7333227654911527,
  E1_q1: -1.7373280230836694, U00_q0: -4.703341860402592, U00_q1: -4.349367237722487,
  U10_q0: 0.16595619830840347, U10_q1: -0.17519406748205565, U11_q0: 0.047622787133868,
  U11_q1: 0.17932664676357787, V00_q0: 0.5884239891505715, V00_q1: 0.5398372200155191,
  V10_q0: 0.00033827155118554183, V10_q1: -0.0009094999381159247, V11_q0: -0.04663428753823611,
  V11_q1: 0.026169445071082504, Y0s_q0: -1.588421255494272, Y0s_q1: -1.5918690505561397,
  Y1s_q0: -1.3794441210294672, Y1s_q1: -1.5161140690396853, Z0s_q0: 0.00020638792820467592,
  Z0s_q1: 0.00019934709547685562, Z1s_q0: 4.054309839430681e-05, Z1s_q1: -3.905559629183729e-05}
