{E0_q0: 0.7288053700805432, E0_q1: 0.7407897703180996, E1_q0: -1.9328083516943717,
  E1_q1: -1.8948373689818032, E2_q0: -3.1880909698370936, E2_q1: -1.2953747760897067,
  U00_q0: -4.561999193695741, U00_q1: -3.7236690929235516, U10_q0: 2.599015902616395,
  U10_q1: -1.1343484036200175, U11_q0: 0.01933328193369306, U11_q1: 0.07886976706321949,
  U20_q0: -6.5868835778389885, U20_q1: -4.885581770926889, U21_q0: 0.540775245492713,
  U21_q1: -0.031140457233712244, U22_q0: 0.1320406263983367, U22_q1: 0.13660056054929948,
  V00_q0: 1.4576720848887124, V00_q1: 1.3557452926316547, V10_q0: 0.08148640338820544,
  V10_q1: 0.039335189234830543, V11_q0: -0.5023086756350171, V11_q1: 0.19580003937376153,
  V20_q0: 0.26977966836485723, V20_q1: 0.1805850502245073, V21_q0: -0.5657614583317655,
  V21_q1: 0.06038176747259137, V22_q0: -1.0325577896843607, V22_q1: 0.28662476622187305,
  Y0s_q0: -1.707760445853335, Y0s_q1: -1.773957399350639, Y1s_q0: -2.7137442935381575,
  Y1s_q1: -1.925855408605743, Y2s_q0: 2.224832652056504, Y2s_q1: -0.3080460642071606,
  Z0s_q0: 0.0001641276824948454, Z0s_q1: 0.00015876249851201334, Z1s_q0: 0.00014283456675998898,
  Z1s_q1: -0.0001496159096729356, Z2s_q0: -6.367113187724021e-05, Z2s_q1: -5.334160348817445e-06}
