{E0_q0: 0.7553938065698445, E0_q1: 0.7666517280814714, E1_q0: -0.7000000000000006,
  E1_q1: -0.8000000000000003, V00_q0: 1.1675915375591075, V00_q1: 1.076527521542147,
  V10_q0: 0.0, V10_q1: 0.0, V11_q0: 0.0, V11_q1: 0.0, Y0s_q0: -1.6733197051891837,
  Y0s_q1: -1.6798210360708559, Y1s_q0: 1.0001173687375346e-16, Y1s_q1: 0.0, Z0s_q0: 0.0002149160307197637,
  Z0s_q1: 0.00020729057935283307, Z1s_q0: 0.0, Z1s_q1: 0.0}
