{E0_q0: 0.7430856008895235, E0_q1: 0.7694301171672376, E1_q0: -2.1214497722064056,
  E1_q1: -2.05987720048154, U00_q0: -4.210132691164465, U00_q1: -3.501708880520103,
  U10_q0: -0.014531179174515102, U10_q1: 0.3546521279783198, U11_q0: 0.6225198879023255,
  U11_q1: -0.9977559257294029, V00_q0: 1.1147959885095806, V00_q1: 0.9386373359078232,
  V10_q0: 0.004272337074330005, V10_q1: 0.0022936867493136472, V11_q0: -0.31211631333286805,
  V11_q1: 0.3475836627960399, Y0s_q0: -1.6496743058521395, Y0s_q1: -1.6365304191214434,
  Y1s_q0: 0.07331508216545977, Y1s_q1: -0.1799371421342422, Z0s_q0: 0.00020910490198053144,
  Z0s_q1: 0.00019465253007591135, Z1s_q0: 7.202768238898715e-05, Z1s_q1: -6.602065562443367e-05}
