{E0_q0: 0.7416859303453125, E0_q1: 0.7673940094480527, E1_q0: -2.0178788318506458,
  E1_q1: -1.2956271287704602, U00_q0: -4.301409678184388, U00_q1: -3.8201869415596073,
  U10_q0: -0.5473295914132242, U10_q1: -0.05510260753675405, U11_q0: 0.05182514636770937,
  U11_q1: -0.03744549384723508, V00_q0: 0.5520548095767945, V00_q1: 0.4608384084991285,
  V10_q0: 0.10625920552868255, V10_q1: 0.11317498663533238, V11_q0: 0.22989377794406166,
  V11_q1: -0.04152047836915428, Y0s_q0: -1.4711382838142257, Y0s_q1: -1.483218540842518,
  Y1s_q0: -1.510561833381438, Y1s_q1: -1.4907286195719638, Z0s_q0: 0.00021541343114597845,
  Z0s_q1: 0.0002002720173077757, Z1s_q0: -1.104448089343316e-05, Z1s_q1: -4.3906653669455235e-06}
