{E0_q0: 0.7436684654287486, E0_q1: 0.7682358704377167, E1_q0: -0.7, E1_q1: -0.8, E2_q0: -0.7,
  E2_q1: -0.8, Z0s_q0: 0.0002254226449277564, Z0s_q1: 0.00020916777358928056, Z1s_q0: 0.0,
  Z1s_q1: 0.0, Z2s_q0: 0.0, Z2s_q1: 0.0}
