{E0_q0: 0.7434622690095984, E0_q1: 0.7690832248589311, E1_q0: -1.7731377956046068,
  E1_q1: -1.679771960136769, U00_q0: -4.283365535561547, U00_q1: -3.5439970167080777,
  U10_q0: -4.483284240283526, U10_q1: 1.627253905664474, U11_q0: 0.27372145081022814,
  U11_q1: 0.17078050151299326, V00_q0: 0.5614136636852931, V00_q1: 0.4713935015094665,
  V10_q0: 0.40594857923278865, V10_q1: 0.4114393258741378, V11_q0: -0.30514758206300013,
  V11_q1: 0.09556944460018998, Y0s_q0: -1.4854342049195095, Y0s_q1: -1.497403034837557,
  Y1s_q0: -1.4506189102602374, Y1s_q1: -1.5682477187532484, Z0s_q0: 0.00021523318439912415,
  Z0s_q1: 0.00019996070505744025, Z1s_q0: -1.5790970864312646e-05, Z1s_q1: -1.2212012392381752e-05}
