{E0_q0: 0.7507130169315444, E0_q1: 0.7620416471498048, E1_q0: -0.7000000000000004,
  E1_q1: -0.7999999999999999, V00_q0: 1.1112657343825907, V00_q1: 1.0337882529247073,
  V10_q0: 0.0, V10_q1: 0.0, V11_q0: 0.0, V11_q1: 0.0, Y0s_q0: -1.611804969193774,
  Y0s_q1: -1.6177625318665247, Y1s_q0: -9.559495520245394e-17, Y1s_q1: 6.583536899109172e-17,
  Z0s_q0: 0.00020983290186851354, Z0s_q1: 0.00020258489818827233, Z1s_q0: 0.0, Z1s_q1: 0.0}
