{E0_q0: 0.7163427167586732, E0_q1: 0.7440812912101485, E1_q0: -1.506303038579467,
  E1_q1: -2.8736685926383925, E2_q0: -1.6687873796333412, E2_q1: -1.6556409529758598,
  U00_q0: -4.53552995533731, U00_q1: -4.045010862302405, U10_q0: 4.695737751145306,
  U10_q1: -0.9710228827743477, U11_q0: -0.3589860575484438, U11_q1: 0.07020437643024025,
  U20_q0: -4.1054699855528725, U20_q1: 0.012112621181284691, U21_q0: -0.8412285225238109,
  U21_q1: 2.235995210114377, U22_q0: -0.0005768243425363301, U22_q1: -0.8383144814957242,
  V00_q0: 1.076547793217146, V00_q1: 0.8989817022999456, V10_q0: -0.04504511225839028,
  V10_q1: -0.06580981445195891, V11_q0: 1.2366025500663615, V11_q1: -0.13645680607407565,
  V20_q0: 0.04478052474384176, V20_q1: -0.0025490885415501686, V21_q0: -0.21422189342339767,
  V21_q1: -1.091936789981326, V22_q0: 0.05003217733607444, V22_q1: -1.247256616840823,
  Y0s_q0: -1.5431905010657645, Y0s_q1: -1.6096382794135464, Y1s_q0: -1.608974907990947,
  Y1s_q1: 0.21189934202489352, Y2s_q0: -0.5537687176855367, Y2s_q1: -1.4787780201410667,
  Z0s_q0: 0.00018135100140764283, Z0s_q1: 0.00016880049383974897, Z1s_q0: -0.000139526592666609,
  Z1s_q1: -2.7989893205330163e-05, Z2s_q0: -6.016498009350949e-05, Z2s_q1: 0.00013724483697898201}
