{E0_q0: 0.7421016549081111, E1_q0: -0.7, E2_q0: -0.6999999999999998, E3_q0: -0.7,
  Y0s_q0: -1.4193691861709345, Y1s_q0: 0.0, Y2s_q0: 0.0, Y3s_q0: 0.0, Z0s_q0: 0.0002220831276097654,
  Z1s_q0: 0.0, Z2s_q0: 0.0, Z3s_q0: 0.0}
