{E0_q0: 0.7614343641248674, E0_q1: 0.7863111788271407, E1_q0: -0.8116461601659742,
  E1_q1: -3.8609563784931384, U00_q0: -4.2645346945794484, U00_q1: -3.9819132325766287,
  U10_q0: 0.1441306793935758, U10_q1: 0.7888077444651368, U11_q0: 5.1708040555118235e-11,
  U11_q1: -0.0006619524729184614, V00_q0: 1.0732843823859846, V00_q1: 0.8762920005004208,
  V10_q0: 0.7215088536099512, V10_q1: -0.49073812857443583, V11_q0: -1.3268444837771303e-05,
  V11_q1: -0.03622178756474875, Y0s_q0: -1.5342606490003545, Y0s_q1: -1.5433706189590748,
  Y1s_q0: 0.03167412522056167, Y1s_q1: 0.0429888808945497, Z0s_q0: 0.00021938642814390386,
  Z0s_q1: 0.0002031249278387167, Z1s_q0: 6.201931726363401e-08, Z1s_q1: -1.2053596285222109e-05}
