{E0_q0: 0.7405481210815993, E0_q1: 0.7662808545988, E1_q0: -2.071686303968419, E1_q1: -0.9407532578578628,
  U00_q0: -4.19033616524134, U00_q1: -3.7433903864862854, U10_q0: -0.33413178223781137,
  U10_q1: 0.38811561153002105, U11_q0: 0.4116977682595509, U11_q1: 0.02192456498708121,
  V00_q0: 0.5359809863532641, V00_q1: 0.44935119002095375, V10_q0: -0.07656073433854087,
  V10_q1: -0.08853629059740457, V11_q0: 0.07626190512623415, V11_q1: 0.0015774269959609253,
  Y0s_q0: -1.4588016279506786, Y0s_q1: -1.4699970552886568, Y1s_q0: -1.513272511158184,
  Y1s_q1: -1.4915859634725035, Z0s_q0: 0.00021613092273095163, Z0s_q1: 0.00020100731555387465,
  Z1s_q0: 9.926262253886055e-06, Z1s_q1: 2.5722810736904815e-06}
