{E0_q0: 0.7308383184997271, E0_q1: 0.7567852025714783, E1_q0: 0.23113414232859603,
  E1_q1: -1.7466025314997724, E2_q0: -0.7647332961455677, E2_q1: -2.518443333186486,
  U00_q0: -4.429397332501967, U00_q1: -3.956702774483725, U10_q0: 6.036414143155971,
  U10_q1: -1.3632570782500604, U11_q0: -0.0002201250142977234, U11_q1: -0.06630717348299686,
  U20_q0: 0.5840142448545226, U20_q1: 1.413596536849641, U21_q0: 2.0394745230597875e-06,
  U21_q1: -0.03164921216308211, U22_q0: -1.8653551301619426e-11, U22_q1: 1.8275322247074244e-06,
  V00_q0: 0.5379552996372224, V00_q1: 0.4468634440222709, V10_q0: 0.11988990790558782,
  V10_q1: 0.019248654475786522, V11_q0: -0.00045656509936642354, V11_q1: 0.015865839212599736,
  V20_q0: -0.15324250320926266, V20_q1: 0.3531860545708154, V21_q0: -0.00026775289224453233,
  V21_q1: 0.005889622704473912, V22_q0: -8.75758227964408e-06, V22_q1: 0.001542294484398387,
  Y0s_q0: -1.4556449030072858, Y0s_q1: -1.4716234138300368, Y1s_q0: -1.4600024583624265,
  Y1s_q1: -1.4828205732665847, Y2s_q0: -1.5114375068819936, Y2s_q1: -1.5001920241278508,
  Z0s_q0: 0.00021231169616278562, Z0s_q1: 0.00019720504473381162, Z1s_q0: 4.162630484397788e-05,
  Z1s_q1: -1.6295732028588256e-07, Z2s_q0: 5.764275508812076e-05, Z2s_q1: 2.7427505577453152e-06}
