{E0_q0: 0.747661850615071, E0_q1: 0.7731420814796316, E1_q0: -1.981288956062165, E1_q1: -1.0304716689393962,
  U00_q0: -4.2975762135570275, U00_q1: -3.882229601837011, U10_q0: 0.2762267856360642,
  U10_q1: 0.08372694669877713, U11_q0: -0.04683453226512441, U11_q1: -0.0041687088889991175,
  V00_q0: 0.575325407696343, V00_q1: 0.4801743364432662, V10_q0: -0.09508282624710987,
  V10_q1: -0.1079853459202734, V11_q0: -0.03731250603652049, V11_q1: 0.01788869065346822,
  Y0s_q0: -1.4968476775319814, Y0s_q1: -1.5070894167202598, Y1s_q0: -1.4721740069143059,
  Y1s_q1: -1.5064466926523228, Z0s_q0: 0.00022076745723424121, Z0s_q1: 0.0002050546818077807,
  Z1s_q0: 9.432311181705128e-06, Z1s_q1: 2.913821558664984e-06}
