{E0_q0: 0.7122126961048704, E0_q1: 0.7393059246413813, E1_q0: -1.6539420429223324,
  E1_q1: -1.649944703697485, E2_q0: -3.050185328268368, E2_q1: -3.2078826174649033,
  U00_q0: -5.372964935170869, U00_q1: -4.701768592738986, U10_q0: -3.425174450780252,
  U10_q1: -4.085127236769138, U11_q0: 0.05526605546279765, U11_q1: -0.0019300670090026044,
  U20_q0: 5.216884440696015, U20_q1: -0.14590997098878458, U21_q0: -0.48400237706578647,
  U21_q1: 0.05862261181453918, U22_q0: -0.002379443908315311, U22_q1: -0.5650851482008539,
  V00_q0: 1.3454842013422113, V00_q1: 1.0944395477961406, V10_q0: -1.3571568925089732,
  V10_q1: -1.4346801165587615, V11_q0: -0.09790664405029957, V11_q1: -0.43770058903717246,
  V20_q0: 0.4897063038846844, V20_q1: 0.6523441901242522, V21_q0: 0.2565008105862704,
  V21_q1: -0.7925585830866453, V22_q0: 0.0011958392231531776, V22_q1: 1.3184464140345755,
  Y0s_q0: -1.5621778813942884, Y0s_q1: -1.5517044450642226, Y1s_q0: 1.8942068497829339,
  Y1s_q1: -0.14817678413409838, Y2s_q0: -2.1824450965425473, Y2s_q1: -1.8564760378293552,
  Z0s_q0: 0.00017790491295974092, Z0s_q1: 0.00016512016472153791, Z1s_q0: 6.0577563783237813e-05,
  Z1s_q1: 6.0497119700177085e-05, Z2s_q0: 0.00013407497985204526, Z2s_q1: 0.00012256418399851876}
