{E0_q0: 0.7565811785437068, E1_q0: -0.7000000000000003, E2_q0: -0.6999999999999997,
  E3_q0: -0.7, Y0s_q0: -1.6840206357837741, Y1s_q0: 0.0, Y2s_q0: 0.0, Y3s_q0: 0.0,
  Z0s_q0: 0.00022199424820688705, Z1s_q0: 0.0, Z2s_q0: 0.0, Z3s_q0: 0.0}
