{E0_q0: 0.7435478336190801, E1_q0: -0.6999999999999997, E2_q0: -0.7000000000000004,
  E3_q0: -0.7, Y0s_q0: -1.6677312914945843, Y1s_q0: 0.0, Y2s_q0: 0.0, Y3s_q0: 0.0,
  Z0s_q0: 0.0002114914626682097, Z1s_q0: 0.0, Z2s_q0: 0.0, Z3s_q0: 0.0}
