{E0_q0: 0.7702838424214961, E0_q1: 0.7949348457011753, U00_q0: -2.80201481923739,
  U00_q1: -3.022704920664569, V00_q0: 0.34977768301675877, V00_q1: 0.307057433272175,
  Y0s_q0: -1.5617780197793456, Y0s_q1: -1.566272442883482, Z0s_q0: 0.0002231271655607025,
  Z0s_q1: 0.00020679474374363043}
