{E0_q0: 0.7311332643891538, E0_q1: 0.7567713912839377, E1_q0: -1.2362178383601534,
  E1_q1: -0.6459524525744597, U00_q0: -4.467606658985405, U00_q1: -4.024718496049127,
  U10_q0: -4.372465053545548, U10_q1: -4.145585228929745, U11_q0: -4.986273065458697,
  U11_q1: -4.000003323945312, V00_q0: 0.568339984473641, V00_q1: 0.4725073672656699,
  V10_q0: 0.2140792166487082, V10_q1: 0.25761020865270917, V11_q0: 0.5992393161230747,
  V11_q1: 0.0006223786638891251, Y0s_q0: -1.4431824478740853, Y0s_q1: -1.4519527664299334,
  Y1s_q0: -1.5221753390350325, Y1s_q1: -1.4956295874026284, Z0s_q0: 0.00021360553129037436,
  Z0s_q1: 0.00019838199933458437, Z1s_q0: 1.128266817998688e-05, Z1s_q1: 1.3361947595583067e-05}
