{E0_q0: 0.7434394941901111, E0_q1: 0.7548775201906843, E1_q0: -0.7000000000000001,
  E1_q1: -0.7999999999999998, Y0s_q0: -1.661199314470139, Y0s_q1: -1.6768799512470043,
  Y1s_q0: 1.7486083343626252e-15, Y1s_q1: 0.0, Z0s_q0: 0.00020843648983816457, Z0s_q1: 0.00020102088712330987,
  Z1s_q0: 0.0, Z1s_q1: 0.0}
