{E0_q0: 0.7607079095964678, E0_q1: 0.7856047827201561, E1_q0: -0.8570941286975952,
  E1_q1: -3.8579474094032404, U00_q0: -4.352575751707583, U00_q1: -4.0762999406513885,
  U10_q0: 0.3243388455377228, U10_q1: 0.8274505163295754, U11_q0: 6.741845747989464e-10,
  U11_q1: -0.0014945866669359691, V00_q0: 1.0948866167261952, V00_q1: 0.8901920679742109,
  V10_q0: 0.8393758612726409, V10_q1: -0.48546731631651246, V11_q0: -4.873466653682921e-05,
  V11_q1: -0.054340872181955845, Y0s_q0: -1.530413149392589, Y0s_q1: -1.5474814361302998,
  Y1s_q0: 0.05765464227169797, Y1s_q1: 0.03789115599117654, Z0s_q0: 0.00021961237190009156,
  Z0s_q1: 0.00020328517422231273, Z1s_q0: 1.0320758394107916e-07, Z1s_q1: -1.2858832209203455e-05}
