{E0_q0: 0.7285865481219664, E0_q1: 0.7546135815556465, E1_q0: -0.7, E1_q1: -0.7999999999999998,
  E2_q0: -0.7, E2_q1: -0.8, Y0s_q0: -1.4464201768518112, Y0s_q1: -1.4565582869511604,
  Y1s_q0: 0.0, Y1s_q1: 0.0, Y2s_q0: 0.0, Y2s_q1: 0.0, Z0s_q0: 0.00021360917982965127,
  Z0s_q1: 0.00019848527856150875, Z1s_q0: 0.0, Z1s_q1: 0.0, Z2s_q0: 0.0, Z2s_q1: 0.0}
