{E0_q0: 0.7435905385960206, E0_q1: 0.7690799726210689, E1_q0: 0.7111379682978028,
  E1_q1: -2.753758815871219, U00_q0: -4.2838872606536045, U00_q1: -3.8898907709136905,
  U10_q0: 0.636714672020492, U10_q1: 0.09917435081842865, U11_q0: 9.080634458435296e-08,
  U11_q1: -0.0007112643752020877, V00_q0: 0.5658659336726186, V00_q1: 0.47020486749969154,
  V10_q0: 0.005828552610139879, V10_q1: -0.19888519087643813, V11_q0: 5.7937822930823506e-05,
  V11_q1: -0.027960330574980076, Y0s_q0: -1.4860981061262009, Y0s_q1: -1.4958959384365418,
  Y1s_q0: -1.488726401294377, Y1s_q1: -1.4946862350506371, Z0s_q0: 0.00021641616956345067,
  Z0s_q1: 0.00020085643021818046, Z1s_q0: 7.418673729309374e-05, Z1s_q1: -5.379118420809158e-06}
