{E0_q0: 0.7413907855689839, E0_q1: 0.7677889658326832, E1_q0: -2.073197870219207,
  E1_q1: -2.030146701053338, U00_q0: -4.123844982635368, U00_q1: -3.4355256080508068,
  U10_q0: -0.006597840025601657, U10_q1: 0.00044196838326986663, U11_q0: 1.6141419631915437,
  U11_q1: -2.616650223291575, V00_q0: 1.1156278097859782, V00_q1: 0.9417279109798409,
  V10_q0: -0.003672452171499876, V10_q1: -3.0832544614595925e-06, V11_q0: -0.5143282826418699,
  V11_q1: 0.5385451352608782, Y0s_q0: -1.6554032068537838, Y0s_q1: -1.6393256028396708,
  Y1s_q0: -0.09767771478752549, Y1s_q1: -0.35624642263289225, Z0s_q0: 0.00020681411395542443,
  Z0s_q1: 0.00019242616528095303, Z1s_q0: -7.865165365922618e-05, Z1s_q1: 7.27314816887258e-05}
