{E0_q0: 0.7279707064382291, E0_q1: 0.75364537471743, E1_q0: -0.9545216569227857, E1_q1: -0.8013016253648546,
  U00_q0: -4.323849709156795, U00_q1: -3.8952653076429766, U10_q0: 1.121178136198077,
  U10_q1: 0.5383644520168319, U11_q0: 0.0420313915891076, U11_q1: -0.11384130478423556,
  V00_q0: 0.5784015355225943, V00_q1: 0.4815893906593768, V10_q0: 0.011418709485431843,
  V10_q1: 0.015793104819865567, V11_q0: 0.10099806794522723, V11_q1: 0.14572388578659684,
  Y0s_q0: -1.3919700942551947, Y0s_q1: -1.4373991250038873, Y1s_q0: -2.3970655057739862,
  Y1s_q1: -1.6128241296037222, Z0s_q0: 0.00020606739526956615, Z0s_q1: 0.0001916952187435516,
  Z1s_q0: 0.00012067020385340121, Z1s_q1: 0.00013464128195037628}
