{E0_q0: 0.7408022362344744, E0_q1: 0.7662951548138145, E1_q0: 0.6103792711957047,
  E1_q1: -2.9930801912678184, U00_q0: -4.295166305211371, U00_q1: -3.975684628291995,
  U10_q0: 0.5035556177218229, U10_q1: 1.2905266336287948, U11_q0: -1.0711616189067901e-05,
  U11_q1: -0.027432137655253472, V00_q0: 0.5683111763137202, V00_q1: 0.4695003071546029,
  V10_q0: 0.006143561517991909, V10_q1: 0.14176203598864723, V11_q0: 0.00023496135251194778,
  V11_q1: -0.09756786925429287, Y0s_q0: -1.4749887416284304, Y0s_q1: -1.486374169663553,
  Y1s_q0: -1.4898200646471136, Y1s_q1: -1.4957105519641978, Z0s_q0: 0.00021455840885453888,
  Z0s_q1: 0.00019894096239757734, Z1s_q0: 5.6230525898387204e-05, Z1s_q1: 1.13991072412605e-05}
