{E0_q0: 0.7474566598110615, E0_q1: 0.7735482966297543, E1_q0: -1.517674313290981,
  E1_q1: -1.4025115285579806, U00_q0: -3.926188358456744, U00_q1: -3.3749299961877157,
  U10_q0: -0.016526699474103696, U10_q1: 0.2726738606182821, U11_q0: -0.19695735789590965,
  U11_q1: 0.2946845507876964, V00_q0: 0.9711969641878148, V00_q1: 0.8255999055595195,
  V10_q0: 0.0001714379249332661, V10_q1: -0.005760118846546392, V11_q0: 0.2490411915242962,
  V11_q1: -0.25808034118199075, Y0s_q0: -1.6098761396567423, Y0s_q1: -1.5905246624293388,
  Y1s_q0: 0.13866748654087374, Y1s_q1: -0.5621395011874609, Z0s_q0: 0.0002125205778201674,
  Z0s_q1: 0.00019758091936010705, Z1s_q0: -6.518938694910889e-05, Z1s_q1: 6.168883167733545e-05}
