{E0_q0: 0.7415699281843771, E0_q1: 0.7530356383966951, E1_q0: -0.7, E1_q1: -0.8000000000000002,
  Y0s_q0: -1.6343929606932648, Y0s_q1: -1.6472786854887338, Y1s_q0: 1.7706622077596853e-16,
  Y1s_q1: 0.0, Z0s_q0: 0.00021106057235740824, Z0s_q1: 0.00020364182359357359, Z1s_q0: 0.0,
  Z1s_q1: 0.0}
