{E0_q0: 0.7435738722038933, E0_q1: 0.7550090949008508, E1_q0: -0.6999999999999981,
  E1_q1: -0.8000000000000004, E2_q0: -0.7, E2_q1: -0.800000000000001, E3_q0: -0.6999999999999996,
  E3_q1: -0.8, Y0s_q0: -1.6405947879937093, Y0s_q1: -1.6522131407381466, Y1s_q0: 0.0,
  Y1s_q1: 0.0, Y2s_q0: 0.0, Y2s_q1: 0.0, Y3s_q0: 0.0, Y3s_q1: 0.0, Z0s_q0: 0.00021222032675474934,
  Z0s_q1: 0.0002047495461672093, Z1s_q0: 0.0, Z1s_q1: 0.0, Z2s_q0: 0.0, Z2s_q1: 0.0,
  Z3s_q0: 0.0, Z3s_q1: 0.0}
