{E0_q0: 0.7421891894461845, E0_q1: 0.7685144438377899, E1_q0: -2.0253034872521427,
  E1_q1: -1.9902601225639729, U00_q0: -4.050603783467905, U00_q1: -3.3774184140297554,
  U10_q0: 0.0842094374419866, U10_q1: -0.005644251327240609, U11_q0: 1.5391155534346035,
  U11_q1: -2.435696411289214, V00_q0: 1.0640864432959911, V00_q1: 0.9007406640218819,
  V10_q0: -0.0013732557781476924, V10_q1: 3.1777047790184615e-05, V11_q0: -0.4500489497301105,
  V11_q1: 0.48342561687154983, Y0s_q0: -1.679876982216962, Y0s_q1: -1.654689025179184,
  Y1s_q0: 0.014479652115564165, Y1s_q1: -0.363503995902641, Z0s_q0: 0.00020483129868893968,
  Z0s_q1: 0.00019031550916305008, Z1s_q0: -8.012314514803109e-05, Z1s_q1: 7.486516187313849e-05}
