{E0_q0: 0.739518799921896, E0_q1: 0.751001124332166, E1_q0: -0.9194731507346058, E1_q1: -0.9360757844874312,
  Y0s_q0: -1.5739601384273518, Y0s_q1: -1.5778648828247077, Y1s_q0: -1.3608015403611604,
  Y1s_q1: -1.6016861962986877, Z0s_q0: 0.00021258675661562227, Z0s_q1: 0.00020531445630986205,
  Z1s_q0: 6.464336059753767e-05, Z1s_q1: 6.268735103248545e-05}
