{E0_q0: 0.7289736082129707, E0_q1: 0.7377115964394642, E1_q0: -0.6999999999999957,
  E1_q1: -0.80000000459148, Z0s_q0: 0.00020684328046542585, Z0s_q1: 0.00019824176954888305,
  Z1s_q0: -2.0462291971233726e-12, Z1s_q1: -2.9851172826787694e-09}
