{E0_q0: 0.7237998368956409, E0_q1: 0.7500379995418561, E1_q0: -0.5033833576359951,
  E1_q1: -0.11486978272976654, U00_q0: -3.926876114256934, U00_q1: -4.001016129085997,
  U10_q0: -0.3045225232209034, U10_q1: -13.495862834777041, U11_q0: -0.38303238672575884,
  U11_q1: -0.33005291668615094, V00_q0: 0.6655742375061829, V00_q1: 0.5594049331885225,
  V10_q0: -0.00043969645070854953, V10_q1: -0.011859720084263866, V11_q0: -1.4850810507556644,
  V11_q1: -0.31098087849808964, Y0s_q0: -1.3904819691662234, Y0s_q1: -1.385535591835121,
  Y1s_q0: 2.967364028589634, Y1s_q1: -2.5336410526269066, Z0s_q0: 0.00023613811696529443,
  Z0s_q1: 0.00021995713505650123, Z1s_q0: 1.7784478713463484e-05, Z1s_q1: -2.262433832551807e-05}
