{E0_q0: 0.7520403238010748, E0_q1: 0.7633447298437365, E1_q0: -0.5817074059341643,
  E1_q1: -2.3321459628442773, U00_q0: -4.161648053589266, U00_q1: -3.8309144875534735,
  U10_q0: -0.35660824722850604, U10_q1: -0.5714398030967658, U11_q0: -0.001982787959624841,
  U11_q1: -0.003273308179484411, V00_q0: 0.5070264761558461, V00_q1: 0.4695597699535692,
  V10_q0: -0.001926049661338142, V10_q1: -0.024418423280149346, V11_q0: -0.046259528636970686,
  V11_q1: -0.14876418283503912, Y0s_q0: -1.5790687523219427, Y0s_q1: -1.5828207916942743,
  Y1s_q0: -1.4987372764846572, Y1s_q1: -1.5146097360806423, Z0s_q0: 0.00021425310586292237,
  Z0s_q1: 0.00020696488380182474, Z1s_q0: 3.1702106161627503e-06, Z1s_q1: -2.837529778197626e-06}
