{E0_q0: 0.7441939682402025, E0_q1: 0.7579195014576146, E1_q0: -0.7012101049939647,
  E1_q1: -0.8093732288926855, Z0s_q0: 0.00021616224200607468, Z0s_q1: 0.0002101610848919123,
  Z1s_q0: 3.5521653007073295e-05, Z1s_q1: -1.8361746881542816e-09}
