{E0_q0: 0.7340953886623662, E0_q1: 0.7440648550547576, E1_q0: -0.9585370226427377,
  E1_q1: -1.0159028895745863, V00_q0: 0.6109212297392148, V00_q1: 0.5614995416416352,
  V10_q0: 0.01871387145016024, V10_q1: -0.0019455480417283064, V11_q0: 0.3256720485166938,
  V11_q1: -0.14626257997951944, Z0s_q0: 0.00020393983789677173, Z0s_q1: 0.00019532840780665675,
  Z1s_q0: -9.613854413458976e-05, Z1s_q1: -9.805418791095644e-05}
