{E0_q0: 0.7370700753457404, E0_q1: 0.7629207650683145, E1_q0: -2.149637526232669,
  E1_q1: -1.0349169987335767, U00_q0: -4.315044085446146, U00_q1: -3.841957730631643,
  U10_q0: -0.40932118983346055, U10_q1: 0.6285285903108316, U11_q0: -0.023190550322956756,
  U11_q1: 0.10667578620701684, V00_q0: 0.5647026934316425, V00_q1: 0.4709002158266836,
  V10_q0: -0.09037398339001435, V10_q1: -0.10409135708801716, V11_q0: -0.053621774234972316,
  V11_q1: -0.05712778491552964, Y0s_q0: -1.4659868963249938, Y0s_q1: -1.4782567380987393,
  Y1s_q0: -1.499994889585836, Y1s_q1: -1.5012986697630848, Z0s_q0: 0.0002145564283544108,
  Z0s_q1: 0.00019946301210406917, Z1s_q0: 1.0074098574779468e-05, Z1s_q1: 2.6231640244030747e-06}
