{E0_q0: 0.7471232785979658, E1_q0: -0.7, E2_q0: -0.7000000000000001, E3_q0: -0.7,
  Y0s_q0: -1.4446761587047223, Y1s_q0: 0.0, Y2s_q0: 0.0, Y3s_q0: 0.0, Z0s_q0: 0.0002261617617013859,
  Z1s_q0: 0.0, Z2s_q0: 0.0, Z3s_q0: 0.0}
