{E0_q0: 0.7341829533618958, E0_q1: 0.7457557576324717, E1_q0: -0.7769905115220281,
  E1_q1: -0.7878220282991306, V00_q0: 0.6214238108068642, V00_q1: 0.5662672209286536,
  V10_q0: 0.019527750189796605, V10_q1: -0.007814542438921004, V11_q0: 0.05899945494189528,
  V11_q1: 0.00314154890069887, Y0s_q0: -1.5941299451540096, Y0s_q1: -1.606103352484315,
  Y1s_q0: -1.477574556423807, Y1s_q1: -1.366823041781162, Z0s_q0: 0.00020342871736146753,
  Z0s_q1: 0.00019637729964066208, Z1s_q0: -0.00010526088111382617, Z1s_q1: 0.00010237121427767328}
