{E0_q0: 0.716051531682051, E0_q1: 0.7429133631499064, E1_q0: -1.0355613330755946,
  E1_q1: -1.4273378279710032, E2_q0: -2.0535929138704776, E2_q1: -1.1867090117072492,
  E3_q0: -1.42710195741549, E3_q1: -0.8485125083310634, U00_q0: -4.613371909745189,
  U00_q1: -4.087584955753324, U10_q0: -2.0490943566486677, U10_q1: -1.4022571191475879,
  U11_q0: 0.05515513519937855, U11_q1: 0.007996984369011709, U20_q0: 1.4466397875530534,
  U20_q1: -0.5172402593206991, U21_q0: 0.2608550129759494, U21_q1: -0.03819133739594876,
  U22_q0: 0.05624907539573966, U22_q1: 0.011105674083470176, U30_q0: -0.20477952853984444,
  U30_q1: 3.419021946144561, U31_q0: 0.02390337002324629, U31_q1: -0.010569092672821622,
  U32_q0: 0.017760249656310116, U32_q1: 0.0008434230300573439, U33_q0: 0.0004413231743099093,
  U33_q1: 2.6059726692597353e-07, V00_q0: 0.622912126834279, V00_q1: 0.505159193544204,
  V10_q0: -0.654708877956061, V10_q1: -0.1316465764137796, V11_q0: 0.09710366885344303,
  V11_q1: -0.031468927438665764, V20_q0: 0.4520200596734092, V20_q1: -0.027322112354070918,
  V21_q0: 0.21514440513537125, V21_q1: -0.040782089119023944, V22_q0: 0.08725764066917634,
  V22_q1: 0.016655120956548676, V30_q0: 0.13691174079914778, V30_q1: -0.28598477836451164,
  V31_q0: -0.06544714821835287, V31_q1: 0.025182972121706296, V32_q0: -0.047257802924406504,
  V32_q1: -0.013341687963624733, V33_q0: 0.008723156397541914, V33_q1: -6.758826616440093e-05,
  Y0s_q0: -1.4060649458014172, Y0s_q1: -1.421629525374038, Y1s_q0: -0.5791298732097786,
  Y1s_q1: -1.385604628794734, Y2s_q0: -3.4108186738622974, Y2s_q1: -2.69588845915946,
  Y3s_q0: -1.2874974402054224, Y3s_q1: -1.4952549105447999, Z0s_q0: 0.00020208073272205321,
  Z0s_q1: 0.00018794435691096338, Z1s_q0: 6.575286217932475e-05, Z1s_q1: 5.047252336756011e-05,
  Z2s_q0: 0.00010605367653013013, Z2s_q1: -0.00011987667469314391, Z3s_q0: -6.989030419841765e-05,
  Z3s_q1: -1.1238434707189504e-05}
