{E0_q0: 0.7344697077452966, E0_q1: 0.7595087975316797, E1_q0: 0.1523703627396667,
  E1_q1: -1.3831413180170147, E2_q0: -0.5477967216150997, E2_q1: -1.1196299422964842,
  E3_q0: -0.7000000990057773, E3_q1: -0.7999990343658442, U00_q0: -4.4626363037106564,
  U00_q1: -4.091245880250535, U10_q0: 0.663453870522449, U10_q1: 1.791724296358788,
  U11_q0: 1.4469728218347012e-07, U11_q1: -0.00042104755200052485, U20_q0: -0.5700287383870447,
  U20_q1: -0.9743110679449368, U21_q0: 2.1944634581186553e-08, U21_q1: -9.42777512655605e-05,
  U22_q0: 1.3972696011072908e-09, U22_q1: -3.208166371527129e-07, U30_q0: -1.324773222998246e-08,
  U30_q1: 1.9363202592538e-06, U31_q0: 7.672641942741959e-15, U31_q1: -2.332656753397525e-13,
  U32_q0: -2.337157013255691e-16, U32_q1: -1.1347670451931038e-13, U33_q0: 2.310817181764775e-15,
  U33_q1: -1.1966395110665972e-22, V00_q0: 0.5725309792362638, V00_q1: 0.472327426767332,
  V10_q0: -0.17895810061859269, V10_q1: 0.13030624105522967, V11_q0: -0.00036031219253848906,
  V11_q1: -0.008900263534817087, V20_q0: 0.17968600117258146, V20_q1: -0.262483561111337,
  V21_q0: -0.00019331040928360509, V21_q1: -0.0055150729400520225, V22_q0: -3.5469245678520945e-05,
  V22_q1: -0.0002316169688477407, V30_q0: 5.8465199760636306e-05, V30_q1: -0.00046118349966137444,
  V31_q0: -4.8591873114560735e-09, V31_q1: 1.1139820511572188e-07, V32_q0: -2.2396234217217426e-09,
  V32_q1: 1.490417547577484e-07, V33_q0: -4.376447462971797e-14, V33_q1: 4.2961383350629706e-12,
  Y0s_q0: -1.4685759578404722, Y0s_q1: -1.4785252795444193, Y1s_q0: -1.5085336230737583,
  Y1s_q1: -1.324725537953641, Y2s_q0: -1.5006794577657951, Y2s_q1: -1.5815097458352116,
  Y3s_q0: -1.5000000000695715, Y3s_q1: -1.4999998229973832, Z0s_q0: 0.00021483142000680916,
  Z0s_q1: 0.00019875189213403995, Z1s_q0: -1.0496033623706234e-05, Z1s_q1: 2.2265386851600193e-05,
  Z2s_q0: -3.2049819658120624e-05, Z2s_q1: 7.3460473698432576e-06, Z3s_q0: -7.988812009857645e-09,
  Z3s_q1: -2.21028697194012e-08}
