{E0_q0: 0.7408438657712292, E0_q1: 0.7664355137173159, E1_q0: 0.7676999331228658,
  E1_q1: -1.2798150503365031, E2_q0: -1.591247934282496, E2_q1: -0.16596727081671414,
  U00_q0: -4.362304587267741, U00_q1: -3.939350595100627, U10_q0: -3.3124279524579823,
  U10_q1: 0.5291019098288763, U11_q0: -2.0467386136536177e-06, U11_q1: 0.00016063381168238705,
  U20_q0: 2.1502907931992317, U20_q1: 0.48616237982169724, U21_q0: -7.56686708459227e-07,
  U21_q1: -7.322641153828906e-05, U22_q0: 3.7051596245041514e-07, U22_q1: -1.6577514075450137e-07,
  V00_q0: 0.5534806510453286, V00_q1: 0.46113912736541185, V10_q0: -0.0935075336596348,
  V10_q1: 0.22630530322983236, V11_q0: 3.897237644988519e-05, V11_q1: -0.002056828700878935,
  V20_q0: 0.23903471091424952, V20_q1: -0.21878282824380585, V21_q0: 1.592654491495386e-05,
  V21_q1: -0.002328136505683591, V22_q0: 1.3130190031080202e-06, V22_q1: -0.00013321927521307448,
  Y0s_q0: -1.4865507032098162, Y0s_q1: -1.4963949529427454, Y1s_q0: -1.5186692728407891,
  Y1s_q1: -1.4971784831308268, Y2s_q0: -1.4781633727778, Y2s_q1: -1.4943737356052995,
  Z0s_q0: 0.0002169194755107514, Z0s_q1: 0.0002013458063090206, Z1s_q0: 0.00010452982349294583,
  Z1s_q1: 3.539612463779641e-06, Z2s_q0: 3.451507279234624e-05, Z2s_q1: 6.048653695426664e-06}
