{E0_q0: 0.7375442951055696, E0_q1: 0.7633746222756861, E1_q0: -2.027027400713468,
  E1_q1: -0.976687117579141, U00_q0: -4.3496802348582335, U00_q1: -3.896149021021605,
  U10_q0: -0.15442671354363405, U10_q1: 0.3750101733253666, U11_q0: 0.28130622297365454,
  U11_q1: 0.061705890992772724, V00_q0: 0.5624743054133531, V00_q1: 0.4684002924937632,
  V10_q0: 0.09027470836485857, V10_q1: 0.10099503422449292, V11_q0: 0.0008011203439484449,
  V11_q1: 0.022564725501368697, Y0s_q0: -1.472172837657022, Y0s_q1: -1.4829685535952088,
  Y1s_q0: -1.4850651180540695, Y1s_q1: -1.5027693032354592, Z0s_q0: 0.00021507278765357354,
  Z0s_q1: 0.00019988650832398366, Z1s_q0: -9.754582508694983e-06, Z1s_q1: -2.8171108565419995e-06}
