{E0_q0: 0.7370772031711232, E0_q1: 0.7598621050689398, E1_q0: -0.7237195536615011,
  E1_q1: -1.2538285907743045, U00_q0: -4.265625209671364, U00_q1: -3.834206945449767,
  U10_q0: -5.2043887018690755, U10_q1: -3.2785185787798783, U11_q0: -4.999996688960988,
  U11_q1: -4.000001852209642, V00_q0: 0.5630391797223293, V00_q1: 0.4661311092482238,
  V10_q0: 0.6003711359968993, V10_q1: -0.08165198782028694, V11_q0: 0.5999983612513392,
  V11_q1: 0.0005094671941665864, Y0s_q0: -1.4654829487919057, Y0s_q1: -1.474905460390193,
  Y1s_q0: -1.4976547570663075, Y1s_q1: -1.4643899856299734, Z0s_q0: 0.00021562542564881358,
  Z0s_q1: 0.00019743563914355114, Z1s_q0: -4.793806865873241e-07, Z1s_q1: -4.693070474587584e-05}
