{E0_q0: 0.720073108460517, E0_q1: 0.7467060986944466, E1_q0: -1.4384029431489622,
  E1_q1: -1.4590529884503196, U00_q0: -4.355954161119049, U00_q1: -4.057536435072785,
  U10_q0: 0.06527496618707387, U10_q1: 1.0401874899263384, U11_q0: -2.928049232220703,
  U11_q1: 1.8984038585865153, V00_q0: 0.5710151886929551, V00_q1: 0.4748049712092887,
  V10_q0: 0.022902199027745464, V10_q1: 0.0236925634146348, V11_q0: 0.1994671493061244,
  V11_q1: 0.19461533639954998, Y0s_q0: -1.461794431028166, Y0s_q1: -1.4738677203001984,
  Y1s_q0: -1.7396992364512585, Y1s_q1: -1.7596380043624191, Z0s_q0: 0.0001909097167320655,
  Z0s_q1: 0.00017758836803476866, Z1s_q0: 0.00013795392930369035, Z1s_q1: 0.00012715996015201162}
