{E0_q0: 0.725022926826877, E0_q1: 0.7307917944070677, E1_q0: -0.12087007643315147,
  E1_q1: -1.594088115016398, V00_q0: 1.1043216845854105, V00_q1: 0.9459455255263692,
  V10_q0: 0.566494006566804, V10_q1: 0.850432906774324, V11_q0: -0.002288616137356372,
  V11_q1: 0.014092359224714626, Z0s_q0: 0.00020512153020517244, Z0s_q1: 0.0001936202005065751,
  Z1s_q0: 7.709549356314339e-05, Z1s_q1: 4.0225495238820054e-05}
