{E0_q0: 0.7322564133843985, E0_q1: 0.7579224039992827, E1_q0: -0.24788337532216048,
  E1_q1: -1.4844722049106869, E2_q0: -1.083112541879452, E2_q1: -1.4859119480324636,
  U00_q0: -4.5827947152827475, U00_q1: -4.180758172936864, U10_q0: 2.6099092355975655,
  U10_q1: -2.041447262727787, U11_q0: 0.0010038297699724935, U11_q1: 1.246465474749108e-06,
  U20_q0: -1.04566240319678, U20_q1: 1.8854696850948847, U21_q0: 0.00020744757287447538,
  U21_q1: 0.002704330163351539, U22_q0: 1.3935585948133518e-06, U22_q1: 0.00023636832307051767,
  V00_q0: 0.576080249921917, V00_q1: 0.47537642661014723, V10_q0: -0.1619751973610077,
  V10_q1: -0.15773427405643659, V11_q0: 0.025904843269531946, V11_q1: 0.0003650602548480367,
  V20_q0: 0.16417203178424034, V20_q1: 0.12531446488495673, V21_q0: 0.010269487907507098,
  V21_q1: 0.030649868104385445, V22_q0: 0.0009727159884023719, V22_q1: 0.004570377729777187,
  Y0s_q0: -1.4541110919982032, Y0s_q1: -1.4671031528145155, Y1s_q0: -0.29421625578412886,
  Y1s_q1: -0.0012142041068168414, Y2s_q0: 0.05662677553957133, Y2s_q1: 0.13039763404505866,
  Z0s_q0: 0.00021374708284375185, Z0s_q1: 0.0001983368994425361, Z1s_q0: -4.620533495675744e-05,
  Z1s_q1: 2.160361328705412e-07, Z2s_q0: -3.236624883724037e-05, Z2s_q1: 3.1334365150234514e-05}
