{E0_q0: 0.7402231683732653, E0_q1: 0.7659435504684232, E1_q0: -1.891746266701118,
  E1_q1: -0.8486608262624409, U00_q0: -4.240454787063719, U00_q1: -3.7954645084346015,
  U10_q0: -0.04057146394174611, U10_q1: 0.8475648564135629, U11_q0: 0.06886646833912818,
  U11_q1: 0.0028145541626712883, V00_q0: 0.5620532955616528, V00_q1: 0.4704881819714506,
  V10_q0: -0.0873385958947913, V10_q1: -0.10446363248103663, V11_q0: -0.05913603061799562,
  V11_q1: 0.005277933874608207, Y0s_q0: -1.4779618002390547, Y0s_q1: -1.4899024988866711,
  Y1s_q0: -1.4953530887019748, Y1s_q1: -1.4985474916989587, Z0s_q0: 0.00021472994313257343,
  Z0s_q1: 0.00019950438614614184, Z1s_q0: 8.70779286803749e-06, Z1s_q1: 2.630079482001039e-06}
