{E0_q0: 0.7344043060958768, E0_q1: 0.7601508294900086, E1_q0: 0.3106447792906833,
  E1_q1: -0.21295687156275342, U00_q0: -4.6787826399946555, U00_q1: -4.221061320795976,
  U10_q0: -0.014300162715146846, U10_q1: -2.8100116945714553, U11_q0: 5.710319701072442e-09,
  U11_q1: 2.6084897332578716e-06, V00_q0: 0.5832480822468564, V00_q1: 0.48172149254851304,
  V10_q0: -0.3466419444416416, V10_q1: 0.154980824249221, V11_q0: 4.295959649466442e-05,
  V11_q1: 0.0004844789734088725, Y0s_q0: -1.4728765030084356, Y0s_q1: -1.4798892477375347,
  Y1s_q0: -1.4987782741267985, Y1s_q1: -1.5262116696657588, Z0s_q0: 0.0002150362054506927,
  Z0s_q1: 0.00019961290009286423, Z1s_q0: 6.270109816696744e-05, Z1s_q1: -2.5912196822442708e-05}
